<simulation verbosity='medium' mode='static'>
   <output prefix='inst'>
      <properties shape='(2)'> [ step, potential{electronvolt} ] </properties>
   </output>
   <step>9</step>
   <total_steps>30</total_steps>
   <ffsocket mode='unix' name='aims'>
   </ffsocket>
   <system>
      <forces>
         <force forcefield='aims'>
         </force>
      </forces>
      <ensemble>
         <temperature>  2.53345216e-04</temperature>
         <hamiltonian_weights shape='(1)'> [   1.00000000e+00 ] </hamiltonian_weights>
      </ensemble>
      <motion mode='instanton'>
         <instanton>
            <tolerances>
               <energy>  1.00000000e-03</energy>
               <force>  2.00000000e-04</force>
            </tolerances>
            <biggest_step>  1.00000000e-01</biggest_step>
            <old_pot shape='(64)'>
             [   1.72235221e-03,   1.72564486e-03,   1.73232409e-03,   1.74257898e-03,   1.75669626e-03, 
                 1.77506375e-03,   1.79817438e-03,   1.82663050e-03,   1.86114762e-03,   1.90255678e-03, 
                 1.95180434e-03,   2.00994772e-03,   2.07814516e-03,   2.15763721e-03,   2.24971723e-03, 
                 2.35568786e-03,   2.47680008e-03,   2.61417169e-03,   2.76868215e-03,   2.94084215e-03, 
                 3.13063787e-03,   3.33735276e-03,   3.55924133e-03,   3.79301177e-03,   4.03384766e-03, 
                 4.27534006e-03,   4.50944956e-03,   4.72663307e-03,   4.91885423e-03,   5.08171010e-03, 
                 5.21152470e-03,   5.30503079e-03,   5.35913346e-03,   5.37145175e-03,   5.34187041e-03, 
                 5.27555224e-03,   5.17916092e-03,   5.05953489e-03,   4.92050141e-03,   4.76260264e-03, 
                 4.58670740e-03,   4.39431766e-03,   4.18989655e-03,   3.97974921e-03,   3.76927721e-03, 
                 3.56289325e-03,   3.36407393e-03,   3.17538524e-03,   2.99830210e-03,   2.83366253e-03, 
                 2.68193764e-03,   2.54330027e-03,   2.41768821e-03,   2.30486163e-03,   2.20445393e-03, 
                 2.11601603e-03,   2.03905164e-03,   1.97301970e-03,   1.91739906e-03,   1.87173957e-03, 
                 1.83566484e-03,   1.80887313e-03,   1.79113792e-03,   1.78230810e-03 ]
            </old_pot>
            <old_force shape='(64, 3)'>
             [  -1.46119364e-03,   2.24939908e-20,  -1.53818802e-19,  -1.47160522e-03,  -3.19290121e-19, 
                -1.33296168e-19,  -1.49240296e-03,   6.26085011e-20,  -1.73921107e-19,  -1.52353182e-03, 
                -2.35010365e-19,  -2.78168273e-19,  -1.56489872e-03,   1.69081922e-19,   2.56295273e-19, 
                -1.61635955e-03,   4.10905170e-20,   3.84167235e-19,  -1.67770132e-03,   2.09909161e-19, 
                 5.96731936e-19,  -1.74861908e-03,   1.67268409e-19,   6.81154786e-19,  -1.82868699e-03, 
                 2.52653425e-19,   5.11026697e-19,  -1.91732303e-03,   8.31480652e-20,   3.40808208e-19, 
                -2.01374676e-03,   3.39291017e-19,   2.55411188e-19,  -2.11692956e-03,   5.77639498e-19, 
                -2.35170091e-19,  -2.22553704e-03,   7.24223704e-19,  -3.99338501e-19,  -2.33786324e-03, 
                 2.89816092e-19,  -5.18413026e-19,  -2.45175720e-03,   3.10880212e-19,  -9.08921653e-20, 
                -2.56454250e-03,  -2.74647698e-19,   1.88771344e-20,  -2.67293174e-03,  -2.57628376e-19, 
                 1.56808051e-19,  -2.77293901e-03,  -5.02102387e-19,   3.40645543e-19,  -2.85979516e-03, 
                -3.50295848e-19,   2.79837259e-19,  -2.92787285e-03,  -1.82219837e-19,   4.94526008e-20, 
                -2.97063112e-03,  -1.68944567e-19,  -5.63844996e-20,  -2.98059366e-03,  -1.74352096e-20, 
                -1.76983680e-20,  -2.95054936e-03,  -4.37544593e-20,  -2.62584083e-20,  -2.87653675e-03, 
                 3.50530467e-20,   7.43358094e-21,  -2.75647028e-03,  -2.22494527e-20,  -2.34102534e-20, 
                -2.59006520e-03,   4.53247734e-20,   1.31476173e-20,  -2.37917153e-03,  -3.94147882e-20, 
                -1.24887493e-20,  -2.12795610e-03,   1.23820294e-20,   3.32129629e-20,  -1.84072789e-03, 
                -7.52763048e-20,   6.02017608e-21,  -1.52040337e-03,  -8.49976229e-21,   4.19050075e-20, 
                -1.17093233e-03,  -6.75903551e-20,   8.07117489e-21,  -7.98459585e-04,   7.22669326e-21, 
                 3.00884721e-20,  -4.13096283e-04,  -4.73647459e-20,  -1.01143055e-20,  -2.63215801e-05, 
                 7.58789048e-21,   6.48513860e-22,   3.51447939e-04,  -3.79951542e-20,  -2.47213209e-20, 
                 7.14481562e-04,   1.63960510e-20,   3.88107751e-21,   1.05839467e-03,  -9.48372184e-21, 
                -4.52205912e-21,   1.37933108e-03,   2.81056352e-20,   7.57482876e-21,   1.67236800e-03, 
                 1.05590930e-20,  -5.50743343e-21,   1.93160759e-03,   1.93366596e-20,   6.79359489e-21, 
                 2.15252345e-03,   1.47127517e-21,   7.66540291e-21,   2.33233287e-03,  -5.54214058e-22, 
                 8.81946734e-21,   2.47283258e-03,  -6.67944187e-21,  -6.19663174e-21,   2.57904871e-03, 
                -7.06738199e-21,  -1.75653954e-20,   2.65588959e-03,   6.38406425e-21,  -1.30041614e-20, 
                 2.70793752e-03,   4.39210831e-21,  -8.57813338e-22,   2.73939133e-03,   2.05529704e-21, 
                 9.20875254e-21,   2.75401485e-03,   8.35284089e-22,   1.11117163e-20,   2.75501256e-03, 
                -6.74803833e-21,   4.29093582e-21,   2.74518995e-03,  -1.84794302e-21,  -1.69735699e-21, 
                 2.72704547e-03,  -4.76543171e-21,  -5.48556113e-21,   2.70278454e-03,   5.50901133e-21, 
                 4.05429556e-21,   2.67433801e-03,  -4.90393550e-21,   1.24661741e-21,   2.64338320e-03, 
                 9.68782409e-21,   1.43698701e-21,   2.61136606e-03,  -5.03491651e-21,  -9.60137985e-21, 
                 2.57952335e-03,   4.36270792e-21,  -4.47107769e-21,   2.54890572e-03,  -5.90028026e-21, 
                -3.14743979e-21,   2.52041794e-03,   2.61174983e-21,   7.34430602e-21,   2.49481058e-03, 
                -4.86087916e-21,   3.25906618e-21,   2.47267563e-03,   2.81973215e-21,   3.32643419e-21, 
                 2.45447022e-03,  -2.57217687e-21,  -7.85741671e-22,   2.44053675e-03,   2.59810588e-21, 
                 2.80128902e-22,   2.43111851e-03,   1.33066557e-21,  -2.29443557e-21,   2.42637137e-03, 
                -9.38114746e-23,  -2.51975753e-21 ]
            </old_force>
            <opt>nichols</opt>
            <discretization shape='(65)'>
             [   1.00000000e+00,   1.00000000e+00,   1.00000000e+00,   1.00000000e+00,   1.00000000e+00, 
                 1.00000000e+00,   1.00000000e+00,   1.00000000e+00,   1.00000000e+00,   1.00000000e+00, 
                 1.00000000e+00,   1.00000000e+00,   1.00000000e+00,   1.00000000e+00,   1.00000000e+00, 
                 1.00000000e+00,   1.00000000e+00,   1.00000000e+00,   1.00000000e+00,   1.00000000e+00, 
                 1.00000000e+00,   1.00000000e+00,   1.00000000e+00,   1.00000000e+00,   1.00000000e+00, 
                 1.00000000e+00,   1.00000000e+00,   1.00000000e+00,   1.00000000e+00,   1.00000000e+00, 
                 1.00000000e+00,   1.00000000e+00,   1.00000000e+00,   1.00000000e+00,   1.00000000e+00, 
                 1.00000000e+00,   1.00000000e+00,   1.00000000e+00,   1.00000000e+00,   1.00000000e+00, 
                 1.00000000e+00,   1.00000000e+00,   1.00000000e+00,   1.00000000e+00,   1.00000000e+00, 
                 1.00000000e+00,   1.00000000e+00,   1.00000000e+00,   1.00000000e+00,   1.00000000e+00, 
                 1.00000000e+00,   1.00000000e+00,   1.00000000e+00,   1.00000000e+00,   1.00000000e+00, 
                 1.00000000e+00,   1.00000000e+00,   1.00000000e+00,   1.00000000e+00,   1.00000000e+00, 
                 1.00000000e+00,   1.00000000e+00,   1.00000000e+00,   1.00000000e+00,   1.00000000e+00 ]
            </discretization>
            <hessian shape='(3, 192)'>
             [   1.37851002e-02,   0.00000000e+00,   0.00000000e+00,   1.37414965e-02,   0.00000000e+00, 
                 0.00000000e+00,   1.36538616e-02,   0.00000000e+00,   0.00000000e+00,   1.35213375e-02, 
                 0.00000000e+00,   0.00000000e+00,   1.33426284e-02,   0.00000000e+00,   0.00000000e+00, 
                 1.31159914e-02,   0.00000000e+00,   0.00000000e+00,   1.28392233e-02,   0.00000000e+00, 
                 0.00000000e+00,   1.25096457e-02,   0.00000000e+00,   0.00000000e+00,   1.21240878e-02, 
                 0.00000000e+00,   0.00000000e+00,   1.16788681e-02,   0.00000000e+00,   0.00000000e+00, 
                 1.11697762e-02,   0.00000000e+00,   0.00000000e+00,   1.05920564e-02,   0.00000000e+00, 
                 0.00000000e+00,   9.94039479e-03,   0.00000000e+00,   0.00000000e+00,   9.20891247e-03, 
                 0.00000000e+00,   0.00000000e+00,   8.39116920e-03,   0.00000000e+00,   0.00000000e+00, 
                 7.48018104e-03,   0.00000000e+00,   0.00000000e+00,   6.46845836e-03,   0.00000000e+00, 
                 0.00000000e+00,   5.34807095e-03,   0.00000000e+00,   0.00000000e+00,   4.11074889e-03, 
                 0.00000000e+00,   0.00000000e+00,   2.74802931e-03,   0.00000000e+00,   0.00000000e+00, 
                 1.25146059e-03,   0.00000000e+00,   0.00000000e+00,  -3.85657281e-04,   0.00000000e+00, 
                 0.00000000e+00,  -2.04525306e-03,   0.00000000e+00,   0.00000000e+00,  -3.62426524e-03, 
                 0.00000000e+00,   0.00000000e+00,  -5.08727294e-03,   0.00000000e+00,   0.00000000e+00, 
                -6.39714725e-03,   0.00000000e+00,   0.00000000e+00,  -7.51622135e-03,   0.00000000e+00, 
                 0.00000000e+00,  -8.41975585e-03,   0.00000000e+00,   0.00000000e+00,  -9.20560546e-03, 
                 0.00000000e+00,   0.00000000e+00,  -9.89176595e-03,   0.00000000e+00,   0.00000000e+00, 
                -1.04641162e-02,   0.00000000e+00,   0.00000000e+00,  -1.08343833e-02,   0.00000000e+00, 
                 0.00000000e+00,  -1.09427101e-02,   0.00000000e+00,   0.00000000e+00,  -1.07818608e-02, 
                 0.00000000e+00,   0.00000000e+00,  -1.04585206e-02,   0.00000000e+00,   0.00000000e+00, 
                -1.00573991e-02,   0.00000000e+00,   0.00000000e+00,  -9.58247094e-03,   0.00000000e+00, 
                 0.00000000e+00,  -9.02764460e-03,   0.00000000e+00,   0.00000000e+00,  -8.31126177e-03, 
                 0.00000000e+00,   0.00000000e+00,  -7.42995057e-03,   0.00000000e+00,   0.00000000e+00, 
                -6.40266827e-03,   0.00000000e+00,   0.00000000e+00,  -5.28087887e-03,   0.00000000e+00, 
                 0.00000000e+00,  -4.23529950e-03,   0.00000000e+00,   0.00000000e+00,  -3.28532244e-03, 
                 0.00000000e+00,   0.00000000e+00,  -2.42597415e-03,   0.00000000e+00,   0.00000000e+00, 
                -1.65178765e-03,   0.00000000e+00,   0.00000000e+00,  -9.57028042e-04,   0.00000000e+00, 
                 0.00000000e+00,  -3.31980647e-04,   0.00000000e+00,   0.00000000e+00,   2.35459946e-04, 
                 0.00000000e+00,   0.00000000e+00,   7.49031970e-04,   0.00000000e+00,   0.00000000e+00, 
                 1.21216873e-03,   0.00000000e+00,   0.00000000e+00,   1.62815677e-03,   0.00000000e+00, 
                 0.00000000e+00,   2.00009876e-03,   0.00000000e+00,   0.00000000e+00,   2.33088703e-03, 
                 0.00000000e+00,   0.00000000e+00,   2.62318547e-03,   0.00000000e+00,   0.00000000e+00, 
                 2.87941805e-03,   0.00000000e+00,   0.00000000e+00,   3.10081772e-03,   0.00000000e+00, 
                 0.00000000e+00,   3.28614225e-03,   0.00000000e+00,   0.00000000e+00,   3.43845273e-03, 
                 0.00000000e+00,   0.00000000e+00,   3.56080308e-03,   0.00000000e+00,   0.00000000e+00, 
                 3.65570915e-03,   0.00000000e+00,   0.00000000e+00,   3.72516352e-03,   0.00000000e+00, 
                 0.00000000e+00,   3.77064849e-03,   0.00000000e+00,   0.00000000e+00,   3.79314631e-03, 
                 0.00000000e+00,   0.00000000e+00,   0.00000000e+00,   5.51152161e-01,   0.00000000e+00, 
                 0.00000000e+00,   5.51152161e-01,   0.00000000e+00,   0.00000000e+00,   5.51152161e-01, 
                 0.00000000e+00,   0.00000000e+00,   5.51152161e-01,   0.00000000e+00,   0.00000000e+00, 
                 5.51152161e-01,   0.00000000e+00,   0.00000000e+00,   5.51152161e-01,   0.00000000e+00, 
                 0.00000000e+00,   5.51152161e-01,   0.00000000e+00,   0.00000000e+00,   5.51152161e-01, 
                 0.00000000e+00,   0.00000000e+00,   5.51152161e-01,   0.00000000e+00,   0.00000000e+00, 
                 5.51152161e-01,   0.00000000e+00,   0.00000000e+00,   5.51152161e-01,   0.00000000e+00, 
                 0.00000000e+00,   5.51152161e-01,   0.00000000e+00,   0.00000000e+00,   5.51152161e-01, 
                 0.00000000e+00,   0.00000000e+00,   5.51152161e-01,   0.00000000e+00,   0.00000000e+00, 
                 5.51152161e-01,   0.00000000e+00,   0.00000000e+00,   5.51152161e-01,   0.00000000e+00, 
                 0.00000000e+00,   5.51152161e-01,   0.00000000e+00,   0.00000000e+00,   5.51152161e-01, 
                 0.00000000e+00,   0.00000000e+00,   5.51152161e-01,   0.00000000e+00,   0.00000000e+00, 
                 5.51152161e-01,   0.00000000e+00,   0.00000000e+00,   5.51152161e-01,   0.00000000e+00, 
                 0.00000000e+00,   5.51152161e-01,   0.00000000e+00,   0.00000000e+00,   5.51152161e-01, 
                 0.00000000e+00,   0.00000000e+00,   5.51152161e-01,   0.00000000e+00,   0.00000000e+00, 
                 5.51152161e-01,   0.00000000e+00,   0.00000000e+00,   5.51152161e-01,   0.00000000e+00, 
                 0.00000000e+00,   5.51152161e-01,   0.00000000e+00,   0.00000000e+00,   5.51152161e-01, 
                 0.00000000e+00,   0.00000000e+00,   5.51152161e-01,   0.00000000e+00,   0.00000000e+00, 
                 5.51152161e-01,   0.00000000e+00,   0.00000000e+00,   5.51152161e-01,   0.00000000e+00, 
                 0.00000000e+00,   5.51152161e-01,   0.00000000e+00,   0.00000000e+00,   5.51152161e-01, 
                 0.00000000e+00,   0.00000000e+00,   5.51152161e-01,   0.00000000e+00,   0.00000000e+00, 
                 5.51152161e-01,   0.00000000e+00,   0.00000000e+00,   5.51152161e-01,   0.00000000e+00, 
                 0.00000000e+00,   5.51152161e-01,   0.00000000e+00,   0.00000000e+00,   5.51152161e-01, 
                 0.00000000e+00,   0.00000000e+00,   5.51152161e-01,   0.00000000e+00,   0.00000000e+00, 
                 5.51152161e-01,   0.00000000e+00,   0.00000000e+00,   5.51152161e-01,   0.00000000e+00, 
                 0.00000000e+00,   5.51152161e-01,   0.00000000e+00,   0.00000000e+00,   5.51152161e-01, 
                 0.00000000e+00,   0.00000000e+00,   5.51152161e-01,   0.00000000e+00,   0.00000000e+00, 
                 5.51152161e-01,   0.00000000e+00,   0.00000000e+00,   5.51152161e-01,   0.00000000e+00, 
                 0.00000000e+00,   5.51152161e-01,   0.00000000e+00,   0.00000000e+00,   5.51152161e-01, 
                 0.00000000e+00,   0.00000000e+00,   5.51152161e-01,   0.00000000e+00,   0.00000000e+00, 
                 5.51152161e-01,   0.00000000e+00,   0.00000000e+00,   5.51152161e-01,   0.00000000e+00, 
                 0.00000000e+00,   5.51152161e-01,   0.00000000e+00,   0.00000000e+00,   5.51152161e-01, 
                 0.00000000e+00,   0.00000000e+00,   5.51152161e-01,   0.00000000e+00,   0.00000000e+00, 
                 5.51152161e-01,   0.00000000e+00,   0.00000000e+00,   5.51152161e-01,   0.00000000e+00, 
                 0.00000000e+00,   5.51152161e-01,   0.00000000e+00,   0.00000000e+00,   5.51152161e-01, 
                 0.00000000e+00,   0.00000000e+00,   5.51152161e-01,   0.00000000e+00,   0.00000000e+00, 
                 5.51152161e-01,   0.00000000e+00,   0.00000000e+00,   5.51152161e-01,   0.00000000e+00, 
                 0.00000000e+00,   5.51152161e-01,   0.00000000e+00,   0.00000000e+00,   5.51152161e-01, 
                 0.00000000e+00,   0.00000000e+00,   5.51152161e-01,   0.00000000e+00,   0.00000000e+00, 
                -6.01853108e-33,   5.51152161e-01,   0.00000000e+00,  -4.81482486e-32,   5.51152161e-01, 
                 0.00000000e+00,  -6.01853108e-33,   5.51152161e-01,   0.00000000e+00,   0.00000000e+00, 
                 5.51152161e-01,   0.00000000e+00,   0.00000000e+00,   5.51152161e-01,   0.00000000e+00, 
                -6.01853108e-33,   5.51152161e-01,   0.00000000e+00,   0.00000000e+00,   5.51152161e-01, 
                 0.00000000e+00,   0.00000000e+00,   5.51152161e-01,   0.00000000e+00,   0.00000000e+00, 
                 5.51152161e-01,   0.00000000e+00,   0.00000000e+00,   5.51152161e-01,   0.00000000e+00, 
                -2.40741243e-32,   5.51152161e-01,   0.00000000e+00,   0.00000000e+00,   5.51152161e-01, 
                 0.00000000e+00,   0.00000000e+00,   5.51152161e-01,   0.00000000e+00,   0.00000000e+00, 
                 5.51152161e-01,   0.00000000e+00,  -2.40741243e-32,   5.51152161e-01,   0.00000000e+00, 
                -4.81482486e-32,   5.51152161e-01,   0.00000000e+00,  -4.81482486e-32,   5.51152161e-01, 
                 0.00000000e+00,   0.00000000e+00,   5.51152161e-01,   0.00000000e+00,   2.40741243e-32, 
                 5.51152161e-01,   0.00000000e+00,   1.20370622e-32,   5.51152161e-01,   0.00000000e+00, 
                 1.20370622e-32,   5.51152161e-01,   0.00000000e+00,  -1.50463277e-33,   5.51152161e-01, 
                 0.00000000e+00,  -3.00926554e-33,   5.51152161e-01,   0.00000000e+00,  -6.01853108e-33, 
                 5.51152161e-01,   0.00000000e+00,  -4.51389831e-33,   5.51152161e-01,   0.00000000e+00, 
                -3.00926554e-33,   5.51152161e-01,   0.00000000e+00,  -3.00926554e-33,   5.51152161e-01, 
                 0.00000000e+00,  -1.50463277e-33,   5.51152161e-01,   0.00000000e+00,  -1.20370622e-32, 
                 5.51152161e-01,   0.00000000e+00,  -3.76158192e-33,   5.51152161e-01,   0.00000000e+00, 
                -1.20370622e-32,   5.51152161e-01,   0.00000000e+00,  -4.51389831e-33,   5.51152161e-01, 
                 0.00000000e+00,  -6.01853108e-33,   5.51152161e-01,   0.00000000e+00,  -5.26621469e-33, 
                 5.51152161e-01,   0.00000000e+00,  -3.00926554e-33,   5.51152161e-01,   0.00000000e+00, 
                -1.50463277e-33,   5.51152161e-01,   0.00000000e+00,  -5.26621469e-33,   5.51152161e-01, 
                 0.00000000e+00,  -3.00926554e-33,   5.51152161e-01,   0.00000000e+00,  -5.26621469e-33, 
                 5.51152161e-01,   0.00000000e+00,  -4.51389831e-33,   5.51152161e-01,   0.00000000e+00, 
                -3.29138418e-33,   5.51152161e-01,   0.00000000e+00,  -3.29138418e-33,   5.51152161e-01, 
                 0.00000000e+00,  -6.39468927e-33,   5.51152161e-01,   0.00000000e+00,  -5.26621469e-33, 
                 5.51152161e-01,   0.00000000e+00,  -4.89005650e-33,   5.51152161e-01,   0.00000000e+00, 
                -3.38542373e-33,   5.51152161e-01,   0.00000000e+00,  -3.19734463e-33,   5.51152161e-01, 
                 0.00000000e+00,  -3.29138418e-33,   5.51152161e-01,   0.00000000e+00,  -6.77084746e-33, 
                 5.51152161e-01,   0.00000000e+00,  -3.19734463e-33,   5.51152161e-01,   0.00000000e+00, 
                -4.89005650e-33,   5.51152161e-01,   0.00000000e+00,  -4.89005650e-33,   5.51152161e-01, 
                 0.00000000e+00,  -4.89005650e-33,   5.51152161e-01,   0.00000000e+00,  -3.00926554e-33, 
                 5.51152161e-01,   0.00000000e+00,  -4.89005650e-33,   5.51152161e-01,   0.00000000e+00, 
                -4.89005650e-33,   5.51152161e-01,   0.00000000e+00,  -3.38542373e-33,   5.51152161e-01, 
                 0.00000000e+00,  -6.77084746e-33,   5.51152161e-01,   0.00000000e+00,  -4.89005650e-33, 
                 5.51152161e-01,   0.00000000e+00,  -3.19734463e-33,   5.51152161e-01,   0.00000000e+00, 
                -3.38542373e-33,   5.51152161e-01,   0.00000000e+00,  -6.58276836e-33,   5.51152161e-01, 
                 0.00000000e+00,  -3.29138418e-33,   5.51152161e-01,   0.00000000e+00,  -3.31489407e-33, 
                 5.51152161e-01 ]
            </hessian>
            <hessian_final> True</hessian_final>
         </instanton>
      </motion>
      <beads natoms='1' nbeads='64'>
         <q shape='(64, 3)'>
          [   1.95647695e+00,  -4.08126692e-20,   2.79085910e-19,   1.95723343e+00,   5.79313924e-19, 
              2.41850032e-19,   1.95875176e+00,  -1.13595674e-19,   3.15559149e-19,   1.96104273e+00, 
              4.26398338e-19,   5.04703224e-19,   1.96412245e+00,  -3.06779023e-19,  -4.65017270e-19, 
              1.96801233e+00,  -7.45538527e-20,  -6.97025725e-19,   1.97273902e+00,  -3.80855191e-19, 
             -1.08269908e-18,   1.97833428e+00,  -3.03488620e-19,  -1.23587429e-18,   1.98483482e+00, 
             -4.58409570e-19,  -9.27197121e-19,   1.99228210e+00,  -1.50862268e-19,  -6.18355932e-19, 
              2.00072201e+00,  -6.15603168e-19,  -4.63413202e-19,   2.01020447e+00,  -1.04805812e-18, 
              4.26688141e-19,   2.02078291e+00,  -1.31401772e-18,   7.24552182e-19,   2.03251357e+00, 
             -5.25836806e-19,   9.40598736e-19,   2.04545460e+00,  -5.64055146e-19,   1.64913016e-19, 
              2.05966499e+00,   4.98315561e-19,  -3.42503137e-20,   2.07520313e+00,   4.67436026e-19, 
             -2.84509546e-19,   2.09212515e+00,   9.11005022e-19,  -6.18060795e-19,   2.11048285e+00, 
              6.35570125e-19,  -5.07731401e-19,   2.13032123e+00,   3.30616207e-19,  -8.97258585e-20, 
              2.15167555e+00,   3.06529810e-19,   1.02302964e-19,   2.17456799e+00,   3.16341128e-20, 
              3.21115824e-20,   2.19900374e+00,   7.93872589e-20,   4.76427567e-20,   2.22496730e+00, 
             -6.35995814e-20,  -1.34873479e-20,   2.25242040e+00,   4.03689838e-20,   4.24751185e-20, 
              2.28130094e+00,  -8.22364070e-20,  -2.38547868e-20,   2.31152283e+00,   7.15134422e-20, 
              2.26593492e-20,   2.34297695e+00,  -2.24657187e-20,  -6.02609683e-20,   2.37553331e+00, 
              1.36579896e-19,  -1.09228930e-20,   2.40904329e+00,   1.54218071e-20,  -7.60316487e-20, 
              2.44334113e+00,   1.22634655e-19,  -1.46441862e-20,   2.47824598e+00,  -1.31119748e-20, 
             -5.45919516e-20,   2.51356506e+00,   8.59376943e-20,   1.83512035e-20,   2.54909895e+00, 
             -1.37673242e-20,  -1.17665121e-21,   2.58464747e+00,   6.89376852e-20,   4.48538946e-20, 
              2.62001510e+00,  -2.97486832e-20,  -7.04175323e-21,   2.65501396e+00,   1.72070846e-20, 
              8.20473808e-21,   2.68946603e+00,  -5.09943300e-20,  -1.37436253e-20,   2.72320521e+00, 
             -1.91582175e-20,   9.99258248e-21,   2.75607982e+00,  -3.50840674e-20,  -1.23261694e-20, 
              2.78795566e+00,  -2.66945368e-21,  -1.39079613e-20,   2.81871837e+00,   1.00555545e-21, 
             -1.60018738e-20,   2.84827489e+00,   1.21190523e-20,   1.12430508e-20,   2.87655246e+00, 
              1.28229235e-20,   3.18703195e-20,   2.90349609e+00,  -1.15831248e-20,   2.35945031e-20, 
              2.92906600e+00,  -7.96895779e-21,   1.55640021e-21,   2.95323521e+00,  -3.72909186e-21, 
             -1.67081855e-20,   2.97598744e+00,  -1.51552357e-21,  -2.01608868e-20,   2.99731508e+00, 
              1.22435124e-20,  -7.78539235e-21,   3.01721760e+00,   3.35287268e-21,   3.07965224e-21, 
              3.03570007e+00,   8.64630867e-21,   9.95289780e-21,   3.05277184e+00,  -9.99544539e-21, 
             -7.35603677e-21,   3.06844546e+00,   8.89760732e-21,  -2.26183891e-21,   3.08273563e+00, 
             -1.75774038e-20,  -2.60724190e-21,   3.09565836e+00,   9.13525678e-21,   1.74205610e-20, 
              3.10723019e+00,  -7.91561429e-21,   8.11223834e-21,   3.11746761e+00,   1.07053563e-20, 
              5.71065491e-21,   3.12638643e+00,  -4.73870923e-21,  -1.33253692e-20,   3.13400139e+00, 
              8.81948671e-21,  -5.91318769e-21,   3.14032574e+00,  -5.11606840e-21,  -6.03541893e-21, 
              3.14537093e+00,   4.66690880e-21,   1.42563474e-21,   3.14914636e+00,  -4.71395389e-21, 
             -5.08260552e-22,   3.15165925e+00,  -2.41433430e-21,   4.16298027e-21,   3.15291447e+00, 
              1.70209755e-22,   4.57180015e-21 ]
         </q>
         <p shape='(64, 3)'>
          [   0.00000000e+00,   0.00000000e+00,   0.00000000e+00,   0.00000000e+00,   0.00000000e+00, 
              0.00000000e+00,   0.00000000e+00,   0.00000000e+00,   0.00000000e+00,   0.00000000e+00, 
              0.00000000e+00,   0.00000000e+00,   0.00000000e+00,   0.00000000e+00,   0.00000000e+00, 
              0.00000000e+00,   0.00000000e+00,   0.00000000e+00,   0.00000000e+00,   0.00000000e+00, 
              0.00000000e+00,   0.00000000e+00,   0.00000000e+00,   0.00000000e+00,   0.00000000e+00, 
              0.00000000e+00,   0.00000000e+00,   0.00000000e+00,   0.00000000e+00,   0.00000000e+00, 
              0.00000000e+00,   0.00000000e+00,   0.00000000e+00,   0.00000000e+00,   0.00000000e+00, 
              0.00000000e+00,   0.00000000e+00,   0.00000000e+00,   0.00000000e+00,   0.00000000e+00, 
              0.00000000e+00,   0.00000000e+00,   0.00000000e+00,   0.00000000e+00,   0.00000000e+00, 
              0.00000000e+00,   0.00000000e+00,   0.00000000e+00,   0.00000000e+00,   0.00000000e+00, 
              0.00000000e+00,   0.00000000e+00,   0.00000000e+00,   0.00000000e+00,   0.00000000e+00, 
              0.00000000e+00,   0.00000000e+00,   0.00000000e+00,   0.00000000e+00,   0.00000000e+00, 
              0.00000000e+00,   0.00000000e+00,   0.00000000e+00,   0.00000000e+00,   0.00000000e+00, 
              0.00000000e+00,   0.00000000e+00,   0.00000000e+00,   0.00000000e+00,   0.00000000e+00, 
              0.00000000e+00,   0.00000000e+00,   0.00000000e+00,   0.00000000e+00,   0.00000000e+00, 
              0.00000000e+00,   0.00000000e+00,   0.00000000e+00,   0.00000000e+00,   0.00000000e+00, 
              0.00000000e+00,   0.00000000e+00,   0.00000000e+00,   0.00000000e+00,   0.00000000e+00, 
              0.00000000e+00,   0.00000000e+00,   0.00000000e+00,   0.00000000e+00,   0.00000000e+00, 
              0.00000000e+00,   0.00000000e+00,   0.00000000e+00,   0.00000000e+00,   0.00000000e+00, 
              0.00000000e+00,   0.00000000e+00,   0.00000000e+00,   0.00000000e+00,   0.00000000e+00, 
              0.00000000e+00,   0.00000000e+00,   0.00000000e+00,   0.00000000e+00,   0.00000000e+00, 
              0.00000000e+00,   0.00000000e+00,   0.00000000e+00,   0.00000000e+00,   0.00000000e+00, 
              0.00000000e+00,   0.00000000e+00,   0.00000000e+00,   0.00000000e+00,   0.00000000e+00, 
              0.00000000e+00,   0.00000000e+00,   0.00000000e+00,   0.00000000e+00,   0.00000000e+00, 
              0.00000000e+00,   0.00000000e+00,   0.00000000e+00,   0.00000000e+00,   0.00000000e+00, 
              0.00000000e+00,   0.00000000e+00,   0.00000000e+00,   0.00000000e+00,   0.00000000e+00, 
              0.00000000e+00,   0.00000000e+00,   0.00000000e+00,   0.00000000e+00,   0.00000000e+00, 
              0.00000000e+00,   0.00000000e+00,   0.00000000e+00,   0.00000000e+00,   0.00000000e+00, 
              0.00000000e+00,   0.00000000e+00,   0.00000000e+00,   0.00000000e+00,   0.00000000e+00, 
              0.00000000e+00,   0.00000000e+00,   0.00000000e+00,   0.00000000e+00,   0.00000000e+00, 
              0.00000000e+00,   0.00000000e+00,   0.00000000e+00,   0.00000000e+00,   0.00000000e+00, 
              0.00000000e+00,   0.00000000e+00,   0.00000000e+00,   0.00000000e+00,   0.00000000e+00, 
              0.00000000e+00,   0.00000000e+00,   0.00000000e+00,   0.00000000e+00,   0.00000000e+00, 
              0.00000000e+00,   0.00000000e+00,   0.00000000e+00,   0.00000000e+00,   0.00000000e+00, 
              0.00000000e+00,   0.00000000e+00,   0.00000000e+00,   0.00000000e+00,   0.00000000e+00, 
              0.00000000e+00,   0.00000000e+00,   0.00000000e+00,   0.00000000e+00,   0.00000000e+00, 
              0.00000000e+00,   0.00000000e+00,   0.00000000e+00,   0.00000000e+00,   0.00000000e+00, 
              0.00000000e+00,   0.00000000e+00,   0.00000000e+00,   0.00000000e+00,   0.00000000e+00, 
              0.00000000e+00,   0.00000000e+00 ]
         </p>
         <m shape='(1)'> [   1.83736223e+03 ] </m>
         <names shape='(1)'> [ H ] </names>
      </beads>
      <cell shape='(3, 3)'>
       [   7.44721588e+00,   4.56010455e-16,   4.56010455e-16,   0.00000000e+00,   7.44721588e+00, 
           4.56010455e-16,   0.00000000e+00,   0.00000000e+00,   7.44721588e+00 ]
      </cell>
   </system>
</simulation>
