-5.340534097540049902e-02
-4.744700753511840036e-02
-3.400193825948083504e-02
-1.739201077626413225e-02
-4.094514961752257313e-03
-1.437089752978742410e-04
-7.471542288709090776e-03
-2.254637775025724114e-02
-3.879534057031847061e-02
-5.023981587041755070e-02
-5.340549346206402426e-02
-4.744447113656784232e-02
-3.399473109159174139e-02
-1.738246077473865753e-02
-4.088201328564957868e-03
-1.449891390874663880e-04
-7.479500889721819694e-03
-2.255570692755624884e-02
-3.880111994790130109e-02
-5.024113513329282049e-02
