-5.031290610288303294e-02
-4.944787185174120275e-02
-4.774040714544044300e-02
-4.523630088777712277e-02
-4.200550018785426110e-02
-3.814311275873880774e-02
-3.376993881728677926e-02
-2.903195302613751846e-02
-2.409815859073644734e-02
-1.915633851466186713e-02
-1.440644233643955524e-02
-1.005166043962928656e-02
-6.287617437034271305e-03
-3.290501348701239254e-03
-1.205259689725205309e-03
-1.351601122146063952e-04
-1.339753930436096664e-04
-1.201793817513160728e-03
-3.285009926368210199e-03
-6.280496905670905454e-03
-1.004340796166827698e-02
-1.439760727203800647e-02
-1.914747141321155449e-02
-2.408976337090274270e-02
-2.902444694955958263e-02
-3.376362335115880298e-02
-3.813815675206123218e-02
-4.200193530140900605e-02
-4.523402811407562646e-02
-4.773921258810185503e-02
-4.944744965467955111e-02
-5.031288645702870072e-02
-5.031288645702856194e-02
-4.944744965467835068e-02
-4.773921258809975948e-02
-4.523402811407117169e-02
-4.200193530140549497e-02
-3.813815675205822070e-02
-3.376362335115509761e-02
-2.902444694955756341e-02
-2.408976337089961325e-02
-1.914747141320847015e-02
-1.439760727203477815e-02
-1.004340796166498968e-02
-6.280496905668002394e-03
-3.285009926365811076e-03
-1.201793817511792898e-03
-1.339753930431865022e-04
-1.351601122150615432e-04
-1.205259689726544733e-03
-3.290501348702950992e-03
-6.287617437036970534e-03
-1.005166043963288784e-02
-1.440644233644278530e-02
-1.915633851466559678e-02
-2.409815859074110334e-02
-2.903195302614235140e-02
-3.376993881728999197e-02
-3.814311275874247842e-02
-4.200550018785684930e-02
-4.523630088777898239e-02
-4.774040714544141445e-02
-4.944787185174003008e-02
-5.031290610288329662e-02
