-0.057193493456362814
-0.05620303330256629
-0.054248860370295374
-0.051384986877719786
-0.04769352513762464
-0.04328545951927502
-0.038300831621941395
-0.03290773515040746
-0.027299523920425582
-0.02168975074408123
-0.016304585187747026
-0.011372792708149877
-0.00711375895067301
-0.0037244476562932703
-0.001366508264828092
-0.00015491960198152506
-0.00014951052428341876
-0.0013504205611487236
-0.003698089168656804
-0.0070777749973181606
-0.01132801909916978
-0.016251990859315734
-0.02163037658490602
-0.02723442415629487
-0.032837926548331384
-0.03822725417286977
-0.043208950453932485
-0.04761480648786393
-0.05130466553914344
-0.054167438814017164
-0.05612092868262792
-0.0571110628084826
-0.05711106280848243
-0.056120928682626546
-0.05416743881401477
-0.051304665539138344
-0.047614806487859936
-0.043208950453929064
-0.03822725417286556
-0.032837926548329094
-0.027234424156291324
-0.02163037658490253
-0.016251990859312084
-0.011328019099166064
-0.0070777749973148845
-0.003698089168654099
-0.0013504205611471838
-0.00014951052428294442
-0.00015491960198204199
-0.0013665082648296072
-0.0037244476562952053
-0.0071137589506760635
-0.01137279270815395
-0.01630458518775069
-0.021689750744085464
-0.027299523920430873
-0.03290773515041295
-0.03830083162194505
-0.043285459519279215
-0.047693525137627604
-0.05138498687772191
-0.054248860370296484
-0.056203033302564945
-0.05719349345636312
