<simulation mode='static'>
   <output prefix='simulation'>
      <properties shape='(2)'> [ step, potential{electronvolt} ] </properties>
   </output>
   <step>23</step>
   <total_steps>100</total_steps>
   <ffsocket mode='unix' name='doublewell_1D'>
   </ffsocket>
   <system>
      <forces>
         <force forcefield='doublewell_1D'>
         </force>
      </forces>
      <ensemble>
         <temperature>  3.16681520e-04</temperature>
         <hamiltonian_weights shape='(1)'> [   1.00000000e+00 ] </hamiltonian_weights>
      </ensemble>
      <motion mode='instanton'>
         <instanton>
            <tolerances>
               <energy>  5.00000000e-06</energy>
               <force>  5.00000000e-06</force>
            </tolerances>
            <biggest_step>  5.00000000e-02</biggest_step>
            <old_pot shape='(10)'>
             [  -4.08280679e-03,  -3.46602968e-03,  -2.33923783e-03,  -1.03434556e-03,  -1.28319037e-04, 
                -1.28319037e-04,  -1.03434556e-03,  -2.33923783e-03,  -3.46602968e-03,  -4.08280679e-03 ]
            </old_pot>
            <old_force shape='(10, 12)'>
             [  -6.74123475e-03,  -3.31368158e-04,  -2.56641258e-04,  -1.73434050e-04,  -3.45431088e-04, 
                -1.89782615e-04,  -2.48082411e-04,  -3.37915236e-04,  -1.14210849e-04,  -2.98352945e-04, 
                -3.07700533e-04,  -3.71729651e-05,  -6.51794608e-03,  -3.04545678e-04,  -2.33738518e-04, 
                -1.63672373e-04,  -3.16318443e-04,  -1.72718160e-04,  -2.31014647e-04,  -3.08655221e-04, 
                -1.03897424e-04,  -2.75647312e-04,  -2.80568315e-04,  -3.38099648e-05,  -5.76830191e-03, 
                -2.49099689e-04,  -1.88418165e-04,  -1.39532241e-04,  -2.57230257e-04,  -1.39061693e-04, 
                -1.92910729e-04,  -2.49980840e-04,  -8.35939892e-05,  -2.27353814e-04,  -2.26595684e-04, 
                -2.71947501e-05,  -4.11584127e-03,  -1.64858547e-04,  -1.22908686e-04,  -9.60811869e-05, 
                -1.69267439e-04,  -9.06029088e-05,  -1.30258416e-04,  -1.63834838e-04,  -5.44262891e-05, 
                -1.51698370e-04,  -1.48092618e-04,  -1.77005997e-05,  -1.51160289e-03,  -5.78861074e-05, 
                -4.27748591e-05,  -3.45463100e-05,  -5.92265764e-05,  -3.15081132e-05,  -4.62933337e-05, 
                -5.71837634e-05,  -1.89191699e-05,  -5.35291166e-05,  -5.15998287e-05,  -6.15176974e-06, 
                 1.51160289e-03,   5.78861074e-05,   4.27748591e-05,   3.45463100e-05,   5.92265764e-05, 
                 3.15081132e-05,   4.62933337e-05,   5.71837634e-05,   1.89191699e-05,   5.35291166e-05, 
                 5.15998287e-05,   6.15176974e-06,   4.11584127e-03,   1.64858547e-04,   1.22908686e-04, 
                 9.60811869e-05,   1.69267439e-04,   9.06029088e-05,   1.30258416e-04,   1.63834838e-04, 
                 5.44262891e-05,   1.51698370e-04,   1.48092618e-04,   1.77005997e-05,   5.76830191e-03, 
                 2.49099689e-04,   1.88418165e-04,   1.39532241e-04,   2.57230257e-04,   1.39061693e-04, 
                 1.92910729e-04,   2.49980840e-04,   8.35939892e-05,   2.27353814e-04,   2.26595684e-04, 
                 2.71947501e-05,   6.51794608e-03,   3.04545678e-04,   2.33738518e-04,   1.63672373e-04, 
                 3.16318443e-04,   1.72718160e-04,   2.31014647e-04,   3.08655221e-04,   1.03897424e-04, 
                 2.75647312e-04,   2.80568315e-04,   3.38099648e-05,   6.74123475e-03,   3.31368158e-04, 
                 2.56641258e-04,   1.73434050e-04,   3.45431088e-04,   1.89782615e-04,   2.48082411e-04, 
                 3.37915236e-04,   1.14210849e-04,   2.98352945e-04,   3.07700533e-04,   3.71729651e-05 ]
            </old_force>
            <opt>nichols</opt>
            <discretization shape='(11)'>
             [   1.00000000e+00,   1.00000000e+00,   1.00000000e+00,   1.00000000e+00,   1.00000000e+00, 
                 1.00000000e+00,   1.00000000e+00,   1.00000000e+00,   1.00000000e+00,   1.00000000e+00, 
                 1.00000000e+00 ]
            </discretization>
            <frictionSD>False</frictionSD>
            <alt_out>-1</alt_out>
            <hessian shape='(12, 120)'>
             [  -1.47785464e-03,  -9.07946536e-04,  -3.03664938e-04,  -2.45080969e-03,  -7.08685682e-04, 
                -2.04426217e-04,  -1.57974759e-03,  -5.49578928e-04,  -1.16238192e-04,  -1.17472692e-03, 
                -4.17125977e-04,  -3.68845607e-05,  -2.74457677e-03,  -9.07946536e-04,  -3.03664938e-04, 
                -2.45080969e-03,  -7.08685682e-04,  -2.04426217e-04,  -1.57974759e-03,  -5.49578928e-04, 
                -1.16238192e-04,  -1.17472692e-03,  -4.17125977e-04,  -3.68845607e-05,  -4.88577796e-03, 
                -9.07946536e-04,  -3.03664938e-04,  -2.45080969e-03,  -7.08685682e-04,  -2.04426217e-04, 
                -1.57974759e-03,  -5.49578928e-04,  -1.16238192e-04,  -1.17472692e-03,  -4.17125977e-04, 
                -3.68845607e-05,  -7.14701720e-03,  -9.07946536e-04,  -3.03664938e-04,  -2.45080969e-03, 
                -7.08685682e-04,  -2.04426217e-04,  -1.57974759e-03,  -5.49578928e-04,  -1.16238192e-04, 
                -1.17472692e-03,  -4.17125977e-04,  -3.68845607e-05,  -8.60821858e-03,  -9.07946536e-04, 
                -3.03664938e-04,  -2.45080969e-03,  -7.08685682e-04,  -2.04426217e-04,  -1.57974759e-03, 
                -5.49578928e-04,  -1.16238192e-04,  -1.17472692e-03,  -4.17125977e-04,  -3.68845607e-05, 
                -8.60821858e-03,  -9.07946536e-04,  -3.03664938e-04,  -2.45080969e-03,  -7.08685682e-04, 
                -2.04426217e-04,  -1.57974759e-03,  -5.49578928e-04,  -1.16238192e-04,  -1.17472692e-03, 
                -4.17125977e-04,  -3.68845607e-05,  -7.14701720e-03,  -9.07946536e-04,  -3.03664938e-04, 
                -2.45080969e-03,  -7.08685682e-04,  -2.04426217e-04,  -1.57974759e-03,  -5.49578928e-04, 
                -1.16238192e-04,  -1.17472692e-03,  -4.17125977e-04,  -3.68845607e-05,  -4.88577796e-03, 
                -9.07946536e-04,  -3.03664938e-04,  -2.45080969e-03,  -7.08685682e-04,  -2.04426217e-04, 
                -1.57974759e-03,  -5.49578928e-04,  -1.16238192e-04,  -1.17472692e-03,  -4.17125977e-04, 
                -3.68845607e-05,  -2.74457677e-03,  -9.07946536e-04,  -3.03664938e-04,  -2.45080969e-03, 
                -7.08685682e-04,  -2.04426217e-04,  -1.57974759e-03,  -5.49578928e-04,  -1.16238192e-04, 
                -1.17472692e-03,  -4.17125977e-04,  -3.68845607e-05,  -1.47785464e-03,  -9.07946536e-04, 
                -3.03664938e-04,  -2.45080969e-03,  -7.08685682e-04,  -2.04426217e-04,  -1.57974759e-03, 
                -5.49578928e-04,  -1.16238192e-04,  -1.17472692e-03,  -4.17125977e-04,  -3.68845607e-05, 
                -9.07946536e-04,   1.25048199e-02,   0.00000000e+00,   0.00000000e+00,   0.00000000e+00, 
                 0.00000000e+00,   0.00000000e+00,   0.00000000e+00,   0.00000000e+00,   0.00000000e+00, 
                 0.00000000e+00,   0.00000000e+00,  -9.07946536e-04,   1.25048199e-02,   0.00000000e+00, 
                 0.00000000e+00,   0.00000000e+00,   0.00000000e+00,   0.00000000e+00,   0.00000000e+00, 
                 0.00000000e+00,   0.00000000e+00,   0.00000000e+00,   0.00000000e+00,  -9.07946536e-04, 
                 1.25048199e-02,   0.00000000e+00,   0.00000000e+00,   0.00000000e+00,   0.00000000e+00, 
                 0.00000000e+00,   0.00000000e+00,   0.00000000e+00,   0.00000000e+00,   0.00000000e+00, 
                 0.00000000e+00,  -9.07946536e-04,   1.25048199e-02,   0.00000000e+00,   0.00000000e+00, 
                 0.00000000e+00,   0.00000000e+00,   0.00000000e+00,   0.00000000e+00,   0.00000000e+00, 
                 0.00000000e+00,   0.00000000e+00,   0.00000000e+00,  -9.07946536e-04,   1.25048199e-02, 
                 0.00000000e+00,   0.00000000e+00,   0.00000000e+00,   0.00000000e+00,   0.00000000e+00, 
                 0.00000000e+00,   0.00000000e+00,   0.00000000e+00,   0.00000000e+00,   0.00000000e+00, 
                -9.07946536e-04,   1.25048199e-02,   0.00000000e+00,   0.00000000e+00,   0.00000000e+00, 
                 0.00000000e+00,   0.00000000e+00,   0.00000000e+00,   0.00000000e+00,   0.00000000e+00, 
                 0.00000000e+00,   0.00000000e+00,  -9.07946536e-04,   1.25048199e-02,   0.00000000e+00, 
                 0.00000000e+00,   0.00000000e+00,   0.00000000e+00,   0.00000000e+00,   0.00000000e+00, 
                 0.00000000e+00,   0.00000000e+00,   0.00000000e+00,   0.00000000e+00,  -9.07946536e-04, 
                 1.25048199e-02,   0.00000000e+00,   0.00000000e+00,   0.00000000e+00,   0.00000000e+00, 
                 0.00000000e+00,   0.00000000e+00,   0.00000000e+00,   0.00000000e+00,   0.00000000e+00, 
                 0.00000000e+00,  -9.07946536e-04,   1.25048199e-02,   0.00000000e+00,   0.00000000e+00, 
                 0.00000000e+00,   0.00000000e+00,   0.00000000e+00,   0.00000000e+00,   0.00000000e+00, 
                 0.00000000e+00,   0.00000000e+00,   0.00000000e+00,  -9.07946536e-04,   1.25048199e-02, 
                 0.00000000e+00,   0.00000000e+00,   0.00000000e+00,   0.00000000e+00,   0.00000000e+00, 
                 0.00000000e+00,   0.00000000e+00,   0.00000000e+00,   0.00000000e+00,   0.00000000e+00, 
                -3.03664938e-04,   0.00000000e+00,   1.39876961e-03,   0.00000000e+00,   0.00000000e+00, 
                 0.00000000e+00,   0.00000000e+00,   0.00000000e+00,   0.00000000e+00,   0.00000000e+00, 
                 0.00000000e+00,   0.00000000e+00,  -3.03664938e-04,   0.00000000e+00,   1.39876961e-03, 
                 0.00000000e+00,   0.00000000e+00,   0.00000000e+00,   0.00000000e+00,   0.00000000e+00, 
                 0.00000000e+00,   0.00000000e+00,   0.00000000e+00,   0.00000000e+00,  -3.03664938e-04, 
                 0.00000000e+00,   1.39876961e-03,   0.00000000e+00,   0.00000000e+00,   0.00000000e+00, 
                 0.00000000e+00,   0.00000000e+00,   0.00000000e+00,   0.00000000e+00,   0.00000000e+00, 
                 0.00000000e+00,  -3.03664938e-04,   0.00000000e+00,   1.39876961e-03,   0.00000000e+00, 
                 0.00000000e+00,   0.00000000e+00,   0.00000000e+00,   0.00000000e+00,   0.00000000e+00, 
                 0.00000000e+00,   0.00000000e+00,   0.00000000e+00,  -3.03664938e-04,   0.00000000e+00, 
                 1.39876961e-03,   0.00000000e+00,   0.00000000e+00,   0.00000000e+00,   0.00000000e+00, 
                 0.00000000e+00,   0.00000000e+00,   0.00000000e+00,   0.00000000e+00,   0.00000000e+00, 
                -3.03664938e-04,   0.00000000e+00,   1.39876961e-03,   0.00000000e+00,   0.00000000e+00, 
                 0.00000000e+00,   0.00000000e+00,   0.00000000e+00,   0.00000000e+00,   0.00000000e+00, 
                 0.00000000e+00,   0.00000000e+00,  -3.03664938e-04,   0.00000000e+00,   1.39876961e-03, 
                 0.00000000e+00,   0.00000000e+00,   0.00000000e+00,   0.00000000e+00,   0.00000000e+00, 
                 0.00000000e+00,   0.00000000e+00,   0.00000000e+00,   0.00000000e+00,  -3.03664938e-04, 
                 0.00000000e+00,   1.39876961e-03,   0.00000000e+00,   0.00000000e+00,   0.00000000e+00, 
                 0.00000000e+00,   0.00000000e+00,   0.00000000e+00,   0.00000000e+00,   0.00000000e+00, 
                 0.00000000e+00,  -3.03664938e-04,   0.00000000e+00,   1.39876961e-03,   0.00000000e+00, 
                 0.00000000e+00,   0.00000000e+00,   0.00000000e+00,   0.00000000e+00,   0.00000000e+00, 
                 0.00000000e+00,   0.00000000e+00,   0.00000000e+00,  -3.03664938e-04,   0.00000000e+00, 
                 1.39876961e-03,   0.00000000e+00,   0.00000000e+00,   0.00000000e+00,   0.00000000e+00, 
                 0.00000000e+00,   0.00000000e+00,   0.00000000e+00,   0.00000000e+00,   0.00000000e+00, 
                -2.45080969e-03,   0.00000000e+00,   0.00000000e+00,   9.11121023e-02,   0.00000000e+00, 
                 0.00000000e+00,   0.00000000e+00,   0.00000000e+00,   0.00000000e+00,   0.00000000e+00, 
                 0.00000000e+00,   0.00000000e+00,  -2.45080969e-03,   0.00000000e+00,   0.00000000e+00, 
                 9.11121023e-02,   0.00000000e+00,   0.00000000e+00,   0.00000000e+00,   0.00000000e+00, 
                 0.00000000e+00,   0.00000000e+00,   0.00000000e+00,   0.00000000e+00,  -2.45080969e-03, 
                 0.00000000e+00,   0.00000000e+00,   9.11121023e-02,   0.00000000e+00,   0.00000000e+00, 
                 0.00000000e+00,   0.00000000e+00,   0.00000000e+00,   0.00000000e+00,   0.00000000e+00, 
                 0.00000000e+00,  -2.45080969e-03,   0.00000000e+00,   0.00000000e+00,   9.11121023e-02, 
                 0.00000000e+00,   0.00000000e+00,   0.00000000e+00,   0.00000000e+00,   0.00000000e+00, 
                 0.00000000e+00,   0.00000000e+00,   0.00000000e+00,  -2.45080969e-03,   0.00000000e+00, 
                 0.00000000e+00,   9.11121023e-02,   0.00000000e+00,   0.00000000e+00,   0.00000000e+00, 
                 0.00000000e+00,   0.00000000e+00,   0.00000000e+00,   0.00000000e+00,   0.00000000e+00, 
                -2.45080969e-03,   0.00000000e+00,   0.00000000e+00,   9.11121023e-02,   0.00000000e+00, 
                 0.00000000e+00,   0.00000000e+00,   0.00000000e+00,   0.00000000e+00,   0.00000000e+00, 
                 0.00000000e+00,   0.00000000e+00,  -2.45080969e-03,   0.00000000e+00,   0.00000000e+00, 
                 9.11121023e-02,   0.00000000e+00,   0.00000000e+00,   0.00000000e+00,   0.00000000e+00, 
                 0.00000000e+00,   0.00000000e+00,   0.00000000e+00,   0.00000000e+00,  -2.45080969e-03, 
                 0.00000000e+00,   0.00000000e+00,   9.11121023e-02,   0.00000000e+00,   0.00000000e+00, 
                 0.00000000e+00,   0.00000000e+00,   0.00000000e+00,   0.00000000e+00,   0.00000000e+00, 
                 0.00000000e+00,  -2.45080969e-03,   0.00000000e+00,   0.00000000e+00,   9.11121023e-02, 
                 0.00000000e+00,   0.00000000e+00,   0.00000000e+00,   0.00000000e+00,   0.00000000e+00, 
                 0.00000000e+00,   0.00000000e+00,   0.00000000e+00,  -2.45080969e-03,   0.00000000e+00, 
                 0.00000000e+00,   9.11121023e-02,   0.00000000e+00,   0.00000000e+00,   0.00000000e+00, 
                 0.00000000e+00,   0.00000000e+00,   0.00000000e+00,   0.00000000e+00,   0.00000000e+00, 
                -7.08685682e-04,   0.00000000e+00,   0.00000000e+00,   0.00000000e+00,   7.61840764e-03, 
                 0.00000000e+00,   0.00000000e+00,   0.00000000e+00,   0.00000000e+00,   0.00000000e+00, 
                 0.00000000e+00,   0.00000000e+00,  -7.08685682e-04,   0.00000000e+00,   0.00000000e+00, 
                 0.00000000e+00,   7.61840764e-03,   0.00000000e+00,   0.00000000e+00,   0.00000000e+00, 
                 0.00000000e+00,   0.00000000e+00,   0.00000000e+00,   0.00000000e+00,  -7.08685682e-04, 
                 0.00000000e+00,   0.00000000e+00,   0.00000000e+00,   7.61840764e-03,   0.00000000e+00, 
                 0.00000000e+00,   0.00000000e+00,   0.00000000e+00,   0.00000000e+00,   0.00000000e+00, 
                 0.00000000e+00,  -7.08685682e-04,   0.00000000e+00,   0.00000000e+00,   0.00000000e+00, 
                 7.61840764e-03,   0.00000000e+00,   0.00000000e+00,   0.00000000e+00,   0.00000000e+00, 
                 0.00000000e+00,   0.00000000e+00,   0.00000000e+00,  -7.08685682e-04,   0.00000000e+00, 
                 0.00000000e+00,   4.06575815e-17,   7.61840764e-03,   0.00000000e+00,   0.00000000e+00, 
                 0.00000000e+00,   0.00000000e+00,   0.00000000e+00,   0.00000000e+00,   0.00000000e+00, 
                -7.08685682e-04,   0.00000000e+00,   0.00000000e+00,   4.06575815e-17,   7.61840764e-03, 
                 0.00000000e+00,   0.00000000e+00,   0.00000000e+00,   0.00000000e+00,   0.00000000e+00, 
                 0.00000000e+00,   0.00000000e+00,  -7.08685682e-04,   0.00000000e+00,   0.00000000e+00, 
                 0.00000000e+00,   7.61840764e-03,   0.00000000e+00,   0.00000000e+00,   0.00000000e+00, 
                 0.00000000e+00,   0.00000000e+00,   0.00000000e+00,   0.00000000e+00,  -7.08685682e-04, 
                 0.00000000e+00,   0.00000000e+00,   0.00000000e+00,   7.61840764e-03,   0.00000000e+00, 
                 0.00000000e+00,   0.00000000e+00,   0.00000000e+00,   0.00000000e+00,   0.00000000e+00, 
                 0.00000000e+00,  -7.08685682e-04,   0.00000000e+00,   0.00000000e+00,   0.00000000e+00, 
                 7.61840764e-03,   0.00000000e+00,   0.00000000e+00,   0.00000000e+00,   0.00000000e+00, 
                 0.00000000e+00,   0.00000000e+00,   0.00000000e+00,  -7.08685682e-04,   0.00000000e+00, 
                 0.00000000e+00,   0.00000000e+00,   7.61840764e-03,   0.00000000e+00,   0.00000000e+00, 
                 0.00000000e+00,   0.00000000e+00,   0.00000000e+00,   0.00000000e+00,   0.00000000e+00, 
                -2.04426217e-04,   0.00000000e+00,   0.00000000e+00,   0.00000000e+00,   0.00000000e+00, 
                 6.33913609e-04,   0.00000000e+00,   0.00000000e+00,   0.00000000e+00,   0.00000000e+00, 
                 0.00000000e+00,   0.00000000e+00,  -2.04426217e-04,   0.00000000e+00,   0.00000000e+00, 
                 0.00000000e+00,   0.00000000e+00,   6.33913609e-04,   0.00000000e+00,   0.00000000e+00, 
                 0.00000000e+00,   0.00000000e+00,   0.00000000e+00,   0.00000000e+00,  -2.04426217e-04, 
                 0.00000000e+00,   0.00000000e+00,   0.00000000e+00,   0.00000000e+00,   6.33913609e-04, 
                 0.00000000e+00,   0.00000000e+00,   0.00000000e+00,   0.00000000e+00,   0.00000000e+00, 
                 0.00000000e+00,  -2.04426217e-04,   0.00000000e+00,   0.00000000e+00,   0.00000000e+00, 
                 0.00000000e+00,   6.33913609e-04,   0.00000000e+00,   0.00000000e+00,   0.00000000e+00, 
                 0.00000000e+00,   0.00000000e+00,   0.00000000e+00,  -2.04426217e-04,   0.00000000e+00, 
                 0.00000000e+00,   0.00000000e+00,   0.00000000e+00,   6.33913609e-04,   0.00000000e+00, 
                 0.00000000e+00,   0.00000000e+00,   0.00000000e+00,   0.00000000e+00,   0.00000000e+00, 
                -2.04426217e-04,   0.00000000e+00,   0.00000000e+00,  -4.06575815e-17,   0.00000000e+00, 
                 6.33913609e-04,   0.00000000e+00,   0.00000000e+00,   0.00000000e+00,   0.00000000e+00, 
                 0.00000000e+00,   0.00000000e+00,  -2.04426217e-04,   0.00000000e+00,   0.00000000e+00, 
                 0.00000000e+00,   0.00000000e+00,   6.33913609e-04,   0.00000000e+00,   0.00000000e+00, 
                 0.00000000e+00,   0.00000000e+00,   0.00000000e+00,   0.00000000e+00,  -2.04426217e-04, 
                 0.00000000e+00,   0.00000000e+00,   0.00000000e+00,   0.00000000e+00,   6.33913609e-04, 
                 0.00000000e+00,   0.00000000e+00,   0.00000000e+00,   0.00000000e+00,   0.00000000e+00, 
                 0.00000000e+00,  -2.04426217e-04,   0.00000000e+00,   0.00000000e+00,   0.00000000e+00, 
                 0.00000000e+00,   6.33913609e-04,   0.00000000e+00,   0.00000000e+00,   0.00000000e+00, 
                 0.00000000e+00,   0.00000000e+00,   0.00000000e+00,  -2.04426217e-04,   0.00000000e+00, 
                 0.00000000e+00,   0.00000000e+00,   0.00000000e+00,   6.33913609e-04,   0.00000000e+00, 
                 0.00000000e+00,   0.00000000e+00,   0.00000000e+00,   0.00000000e+00,   0.00000000e+00, 
                -1.57974759e-03,   0.00000000e+00,   0.00000000e+00,   0.00000000e+00,   0.00000000e+00, 
                 0.00000000e+00,   3.78557883e-02,   0.00000000e+00,   0.00000000e+00,   0.00000000e+00, 
                 0.00000000e+00,   0.00000000e+00,  -1.57974759e-03,   0.00000000e+00,   0.00000000e+00, 
                 0.00000000e+00,   0.00000000e+00,   0.00000000e+00,   3.78557883e-02,   0.00000000e+00, 
                 0.00000000e+00,   0.00000000e+00,   0.00000000e+00,   0.00000000e+00,  -1.57974759e-03, 
                 0.00000000e+00,   0.00000000e+00,   0.00000000e+00,   0.00000000e+00,   0.00000000e+00, 
                 3.78557883e-02,   0.00000000e+00,   0.00000000e+00,   0.00000000e+00,   0.00000000e+00, 
                 0.00000000e+00,  -1.57974759e-03,   0.00000000e+00,   0.00000000e+00,   0.00000000e+00, 
                 0.00000000e+00,   0.00000000e+00,   3.78557883e-02,   0.00000000e+00,   0.00000000e+00, 
                 0.00000000e+00,   0.00000000e+00,   0.00000000e+00,  -1.57974759e-03,   0.00000000e+00, 
                 0.00000000e+00,   0.00000000e+00,   0.00000000e+00,   0.00000000e+00,   3.78557883e-02, 
                 0.00000000e+00,   0.00000000e+00,   0.00000000e+00,   0.00000000e+00,   0.00000000e+00, 
                -1.57974759e-03,   0.00000000e+00,   0.00000000e+00,   0.00000000e+00,   0.00000000e+00, 
                 0.00000000e+00,   3.78557883e-02,   0.00000000e+00,   0.00000000e+00,   0.00000000e+00, 
                 0.00000000e+00,   0.00000000e+00,  -1.57974759e-03,   0.00000000e+00,   0.00000000e+00, 
                 0.00000000e+00,   0.00000000e+00,   0.00000000e+00,   3.78557883e-02,   0.00000000e+00, 
                 0.00000000e+00,   0.00000000e+00,   0.00000000e+00,   0.00000000e+00,  -1.57974759e-03, 
                 0.00000000e+00,   0.00000000e+00,   0.00000000e+00,   0.00000000e+00,   0.00000000e+00, 
                 3.78557883e-02,   0.00000000e+00,   0.00000000e+00,   0.00000000e+00,   0.00000000e+00, 
                 0.00000000e+00,  -1.57974759e-03,   0.00000000e+00,   0.00000000e+00,   0.00000000e+00, 
                 0.00000000e+00,   0.00000000e+00,   3.78557883e-02,   0.00000000e+00,   0.00000000e+00, 
                 0.00000000e+00,   0.00000000e+00,   0.00000000e+00,  -1.57974759e-03,   0.00000000e+00, 
                 0.00000000e+00,   0.00000000e+00,   0.00000000e+00,   0.00000000e+00,   3.78557883e-02, 
                 0.00000000e+00,   0.00000000e+00,   0.00000000e+00,   0.00000000e+00,   0.00000000e+00, 
                -5.49578928e-04,   0.00000000e+00,   0.00000000e+00,   0.00000000e+00,   0.00000000e+00, 
                 0.00000000e+00,   0.00000000e+00,   4.58159857e-03,   0.00000000e+00,   0.00000000e+00, 
                 0.00000000e+00,   0.00000000e+00,  -5.49578928e-04,   0.00000000e+00,   0.00000000e+00, 
                 0.00000000e+00,   0.00000000e+00,   0.00000000e+00,   0.00000000e+00,   4.58159857e-03, 
                 0.00000000e+00,   0.00000000e+00,   0.00000000e+00,   0.00000000e+00,  -5.49578928e-04, 
                 0.00000000e+00,   0.00000000e+00,   0.00000000e+00,   0.00000000e+00,   0.00000000e+00, 
                -6.77626358e-17,   4.58159857e-03,   0.00000000e+00,   0.00000000e+00,   0.00000000e+00, 
                 0.00000000e+00,  -5.49578928e-04,   0.00000000e+00,   0.00000000e+00,   0.00000000e+00, 
                 0.00000000e+00,   0.00000000e+00,   0.00000000e+00,   4.58159857e-03,   0.00000000e+00, 
                 0.00000000e+00,   0.00000000e+00,   0.00000000e+00,  -5.49578928e-04,   0.00000000e+00, 
                 0.00000000e+00,   0.00000000e+00,   0.00000000e+00,   0.00000000e+00,   0.00000000e+00, 
                 4.58159857e-03,   0.00000000e+00,   0.00000000e+00,   0.00000000e+00,   0.00000000e+00, 
                -5.49578928e-04,   0.00000000e+00,   0.00000000e+00,   0.00000000e+00,   0.00000000e+00, 
                 0.00000000e+00,   0.00000000e+00,   4.58159857e-03,   0.00000000e+00,   0.00000000e+00, 
                 0.00000000e+00,   0.00000000e+00,  -5.49578928e-04,   0.00000000e+00,   0.00000000e+00, 
                 0.00000000e+00,   0.00000000e+00,   0.00000000e+00,   0.00000000e+00,   4.58159857e-03, 
                 0.00000000e+00,   0.00000000e+00,   0.00000000e+00,   0.00000000e+00,  -5.49578928e-04, 
                 0.00000000e+00,   0.00000000e+00,   0.00000000e+00,   0.00000000e+00,   0.00000000e+00, 
                -6.77626358e-17,   4.58159857e-03,   0.00000000e+00,   0.00000000e+00,   0.00000000e+00, 
                 0.00000000e+00,  -5.49578928e-04,   0.00000000e+00,   0.00000000e+00,   0.00000000e+00, 
                 0.00000000e+00,   0.00000000e+00,   0.00000000e+00,   4.58159857e-03,   0.00000000e+00, 
                 0.00000000e+00,   0.00000000e+00,   0.00000000e+00,  -5.49578928e-04,   0.00000000e+00, 
                 0.00000000e+00,   0.00000000e+00,   0.00000000e+00,   0.00000000e+00,   0.00000000e+00, 
                 4.58159857e-03,   0.00000000e+00,   0.00000000e+00,   0.00000000e+00,   0.00000000e+00, 
                -1.16238192e-04,   0.00000000e+00,   0.00000000e+00,   0.00000000e+00,   0.00000000e+00, 
                 0.00000000e+00,   0.00000000e+00,   0.00000000e+00,   2.04953142e-04,   0.00000000e+00, 
                 0.00000000e+00,   0.00000000e+00,  -1.16238192e-04,   0.00000000e+00,   0.00000000e+00, 
                 0.00000000e+00,   0.00000000e+00,   0.00000000e+00,   0.00000000e+00,   0.00000000e+00, 
                 2.04953142e-04,   0.00000000e+00,   0.00000000e+00,   0.00000000e+00,  -1.16238192e-04, 
                 0.00000000e+00,   0.00000000e+00,   0.00000000e+00,   0.00000000e+00,   0.00000000e+00, 
                 0.00000000e+00,   0.00000000e+00,   2.04953142e-04,   0.00000000e+00,   0.00000000e+00, 
                 0.00000000e+00,  -1.16238192e-04,   0.00000000e+00,   0.00000000e+00,   0.00000000e+00, 
                 0.00000000e+00,   0.00000000e+00,   0.00000000e+00,   0.00000000e+00,   2.04953142e-04, 
                 0.00000000e+00,   0.00000000e+00,   0.00000000e+00,  -1.16238192e-04,   0.00000000e+00, 
                 0.00000000e+00,   0.00000000e+00,   0.00000000e+00,   0.00000000e+00,   0.00000000e+00, 
                 0.00000000e+00,   2.04953142e-04,   0.00000000e+00,   0.00000000e+00,   0.00000000e+00, 
                -1.16238192e-04,   0.00000000e+00,   0.00000000e+00,   0.00000000e+00,   0.00000000e+00, 
                 0.00000000e+00,   0.00000000e+00,   0.00000000e+00,   2.04953142e-04,   0.00000000e+00, 
                 0.00000000e+00,   0.00000000e+00,  -1.16238192e-04,   0.00000000e+00,   0.00000000e+00, 
                 0.00000000e+00,   0.00000000e+00,   0.00000000e+00,   0.00000000e+00,   0.00000000e+00, 
                 2.04953142e-04,   0.00000000e+00,   0.00000000e+00,   0.00000000e+00,  -1.16238192e-04, 
                 0.00000000e+00,   0.00000000e+00,   0.00000000e+00,   0.00000000e+00,   0.00000000e+00, 
                 0.00000000e+00,   0.00000000e+00,   2.04953142e-04,   0.00000000e+00,   0.00000000e+00, 
                 0.00000000e+00,  -1.16238192e-04,   0.00000000e+00,   0.00000000e+00,   0.00000000e+00, 
                 0.00000000e+00,   0.00000000e+00,   0.00000000e+00,   0.00000000e+00,   2.04953142e-04, 
                 0.00000000e+00,   0.00000000e+00,   0.00000000e+00,  -1.16238192e-04,   0.00000000e+00, 
                 0.00000000e+00,   0.00000000e+00,   0.00000000e+00,   0.00000000e+00,   0.00000000e+00, 
                 0.00000000e+00,   2.04953142e-04,   0.00000000e+00,   0.00000000e+00,   0.00000000e+00, 
                -1.17472692e-03,   0.00000000e+00,   0.00000000e+00,   0.00000000e+00,   0.00000000e+00, 
                 0.00000000e+00,   0.00000000e+00,   0.00000000e+00,   0.00000000e+00,   2.09329642e-02, 
                 0.00000000e+00,   0.00000000e+00,  -1.17472692e-03,   0.00000000e+00,   0.00000000e+00, 
                 0.00000000e+00,   0.00000000e+00,   0.00000000e+00,   0.00000000e+00,   0.00000000e+00, 
                 0.00000000e+00,   2.09329642e-02,   0.00000000e+00,   0.00000000e+00,  -1.17472692e-03, 
                 0.00000000e+00,   0.00000000e+00,   0.00000000e+00,   0.00000000e+00,   0.00000000e+00, 
                 0.00000000e+00,   0.00000000e+00,   0.00000000e+00,   2.09329642e-02,   0.00000000e+00, 
                 0.00000000e+00,  -1.17472692e-03,   0.00000000e+00,   0.00000000e+00,   0.00000000e+00, 
                 0.00000000e+00,   0.00000000e+00,   0.00000000e+00,   0.00000000e+00,   0.00000000e+00, 
                 2.09329642e-02,   0.00000000e+00,   0.00000000e+00,  -1.17472692e-03,   0.00000000e+00, 
                 0.00000000e+00,   0.00000000e+00,   0.00000000e+00,   0.00000000e+00,   0.00000000e+00, 
                 0.00000000e+00,   0.00000000e+00,   2.09329642e-02,   0.00000000e+00,   0.00000000e+00, 
                -1.17472692e-03,   0.00000000e+00,   0.00000000e+00,   0.00000000e+00,   0.00000000e+00, 
                 0.00000000e+00,   0.00000000e+00,   0.00000000e+00,   0.00000000e+00,   2.09329642e-02, 
                 0.00000000e+00,   0.00000000e+00,  -1.17472692e-03,   0.00000000e+00,   0.00000000e+00, 
                 0.00000000e+00,   0.00000000e+00,   0.00000000e+00,   0.00000000e+00,   0.00000000e+00, 
                 0.00000000e+00,   2.09329642e-02,   0.00000000e+00,   0.00000000e+00,  -1.17472692e-03, 
                 0.00000000e+00,   0.00000000e+00,   0.00000000e+00,   0.00000000e+00,   0.00000000e+00, 
                 0.00000000e+00,   0.00000000e+00,   0.00000000e+00,   2.09329642e-02,   0.00000000e+00, 
                 0.00000000e+00,  -1.17472692e-03,   0.00000000e+00,   0.00000000e+00,   0.00000000e+00, 
                 0.00000000e+00,   0.00000000e+00,   0.00000000e+00,   0.00000000e+00,   0.00000000e+00, 
                 2.09329642e-02,   0.00000000e+00,   0.00000000e+00,  -1.17472692e-03,   0.00000000e+00, 
                 0.00000000e+00,   0.00000000e+00,   0.00000000e+00,   0.00000000e+00,   0.00000000e+00, 
                 0.00000000e+00,   0.00000000e+00,   2.09329642e-02,   0.00000000e+00,   0.00000000e+00, 
                -4.17125977e-04,   0.00000000e+00,   0.00000000e+00,   0.00000000e+00,   0.00000000e+00, 
                 0.00000000e+00,   0.00000000e+00,   0.00000000e+00,   0.00000000e+00,   0.00000000e+00, 
                 2.63931583e-03,   0.00000000e+00,  -4.17125977e-04,   0.00000000e+00,   0.00000000e+00, 
                 0.00000000e+00,   0.00000000e+00,   0.00000000e+00,   0.00000000e+00,   0.00000000e+00, 
                 0.00000000e+00,   0.00000000e+00,   2.63931583e-03,   0.00000000e+00,  -4.17125977e-04, 
                 0.00000000e+00,   0.00000000e+00,   0.00000000e+00,   0.00000000e+00,   0.00000000e+00, 
                 0.00000000e+00,   0.00000000e+00,   0.00000000e+00,   0.00000000e+00,   2.63931583e-03, 
                 0.00000000e+00,  -4.17125977e-04,   0.00000000e+00,   0.00000000e+00,   0.00000000e+00, 
                 0.00000000e+00,   0.00000000e+00,   0.00000000e+00,   0.00000000e+00,   0.00000000e+00, 
                 0.00000000e+00,   2.63931583e-03,   0.00000000e+00,  -4.17125977e-04,   0.00000000e+00, 
                 0.00000000e+00,   0.00000000e+00,   0.00000000e+00,   0.00000000e+00,   0.00000000e+00, 
                 0.00000000e+00,   0.00000000e+00,   6.77626358e-18,   2.63931583e-03,   0.00000000e+00, 
                -4.17125977e-04,   0.00000000e+00,   0.00000000e+00,   0.00000000e+00,   0.00000000e+00, 
                 0.00000000e+00,   0.00000000e+00,   0.00000000e+00,   0.00000000e+00,   6.77626358e-18, 
                 2.63931583e-03,   0.00000000e+00,  -4.17125977e-04,   0.00000000e+00,   0.00000000e+00, 
                 0.00000000e+00,   0.00000000e+00,   0.00000000e+00,   0.00000000e+00,   0.00000000e+00, 
                 0.00000000e+00,   0.00000000e+00,   2.63931583e-03,   0.00000000e+00,  -4.17125977e-04, 
                 0.00000000e+00,   0.00000000e+00,   0.00000000e+00,   0.00000000e+00,   0.00000000e+00, 
                 0.00000000e+00,   0.00000000e+00,   0.00000000e+00,   0.00000000e+00,   2.63931583e-03, 
                 0.00000000e+00,  -4.17125977e-04,   0.00000000e+00,   0.00000000e+00,   0.00000000e+00, 
                 0.00000000e+00,   0.00000000e+00,   0.00000000e+00,   0.00000000e+00,   0.00000000e+00, 
                 0.00000000e+00,   2.63931583e-03,   0.00000000e+00,  -4.17125977e-04,   0.00000000e+00, 
                 0.00000000e+00,   0.00000000e+00,   0.00000000e+00,   0.00000000e+00,   0.00000000e+00, 
                 0.00000000e+00,   0.00000000e+00,   0.00000000e+00,   2.63931583e-03,   0.00000000e+00, 
                -3.68845607e-05,   0.00000000e+00,   0.00000000e+00,   0.00000000e+00,   0.00000000e+00, 
                 0.00000000e+00,   0.00000000e+00,   0.00000000e+00,   0.00000000e+00,   0.00000000e+00, 
                 0.00000000e+00,   2.06369789e-05,  -3.68845607e-05,   0.00000000e+00,   0.00000000e+00, 
                 0.00000000e+00,   0.00000000e+00,   0.00000000e+00,   0.00000000e+00,   0.00000000e+00, 
                 0.00000000e+00,   0.00000000e+00,   0.00000000e+00,   2.06369789e-05,  -3.68845607e-05, 
                 0.00000000e+00,   0.00000000e+00,   0.00000000e+00,   0.00000000e+00,   0.00000000e+00, 
                 0.00000000e+00,   0.00000000e+00,   0.00000000e+00,   0.00000000e+00,   0.00000000e+00, 
                 2.06369789e-05,  -3.68845607e-05,   0.00000000e+00,   0.00000000e+00,   0.00000000e+00, 
                 0.00000000e+00,   0.00000000e+00,   0.00000000e+00,   0.00000000e+00,   0.00000000e+00, 
                 0.00000000e+00,   0.00000000e+00,   2.06369789e-05,  -3.68845607e-05,   0.00000000e+00, 
                 0.00000000e+00,   0.00000000e+00,   0.00000000e+00,   0.00000000e+00,   0.00000000e+00, 
                 0.00000000e+00,   0.00000000e+00,   0.00000000e+00,   0.00000000e+00,   2.06369789e-05, 
                -3.68845607e-05,   0.00000000e+00,   0.00000000e+00,   0.00000000e+00,   0.00000000e+00, 
                 0.00000000e+00,   0.00000000e+00,   0.00000000e+00,   0.00000000e+00,   0.00000000e+00, 
                 0.00000000e+00,   2.06369789e-05,  -3.68845607e-05,   0.00000000e+00,   0.00000000e+00, 
                 0.00000000e+00,   0.00000000e+00,   0.00000000e+00,   0.00000000e+00,   0.00000000e+00, 
                 0.00000000e+00,   0.00000000e+00,   0.00000000e+00,   2.06369789e-05,  -3.68845607e-05, 
                 0.00000000e+00,   0.00000000e+00,   0.00000000e+00,   0.00000000e+00,   0.00000000e+00, 
                 0.00000000e+00,   0.00000000e+00,   0.00000000e+00,   0.00000000e+00,   0.00000000e+00, 
                 2.06369789e-05,  -3.68845607e-05,   0.00000000e+00,   0.00000000e+00,   0.00000000e+00, 
                 0.00000000e+00,   0.00000000e+00,   0.00000000e+00,   0.00000000e+00,   0.00000000e+00, 
                 0.00000000e+00,   0.00000000e+00,   2.06369789e-05,  -3.68845607e-05,   0.00000000e+00, 
                 0.00000000e+00,   0.00000000e+00,   0.00000000e+00,   0.00000000e+00,   0.00000000e+00, 
                 0.00000000e+00,   0.00000000e+00,   0.00000000e+00,   0.00000000e+00,   2.06369789e-05 ]
            </hessian>
            <hessian_final> True</hessian_final>
         </instanton>
      </motion>
      <beads natoms='4' nbeads='10'>
         <q shape='(10, 12)'>
          [  -1.01072780e+00,  -4.68874120e-02,  -3.59468317e-02,  -2.52838796e-02,  -4.86791004e-02, 
             -2.65598422e-02,  -3.56249983e-02,  -4.74854921e-02,  -1.59759557e-02,  -4.24677650e-02, 
             -4.31552318e-02,  -5.19870877e-03,  -9.19269284e-01,  -4.23917888e-02,  -3.24651981e-02, 
             -2.29308911e-02,  -4.39927282e-02,  -2.39852603e-02,  -3.22592356e-02,  -4.29011410e-02, 
             -1.44265930e-02,  -3.84199320e-02,  -3.89808531e-02,  -4.69442999e-03,  -7.39381375e-01, 
             -3.37645062e-02,  -2.58127098e-02,  -1.83570651e-02,  -3.50150253e-02,  -1.90676527e-02, 
             -2.57589463e-02,  -3.41294814e-02,  -1.14678155e-02,  -3.06319441e-02,  -3.10002665e-02, 
             -3.73150660e-03,  -4.81234459e-01,  -2.17577394e-02,  -1.66041252e-02,  -1.18901097e-02, 
             -2.25475638e-02,  -1.22635502e-02,  -1.66413273e-02,  -2.19664552e-02,  -7.37502356e-03, 
             -1.97592992e-02,  -1.99456146e-02,  -2.39966815e-03,  -1.67247515e-01,  -7.51435809e-03, 
             -5.72813931e-03,  -4.11960115e-03,  -7.78369258e-03,  -4.23032996e-03,  -5.75646515e-03, 
             -7.58074855e-03,  -2.54389292e-03,  -6.82851412e-03,  -6.88187988e-03,  -8.27707300e-04, 
              1.67247515e-01,   7.51435809e-03,   5.72813931e-03,   4.11960115e-03,   7.78369258e-03, 
              4.23032996e-03,   5.75646515e-03,   7.58074855e-03,   2.54389292e-03,   6.82851412e-03, 
              6.88187988e-03,   8.27707300e-04,   4.81234459e-01,   2.17577394e-02,   1.66041252e-02, 
              1.18901097e-02,   2.25475638e-02,   1.22635502e-02,   1.66413273e-02,   2.19664552e-02, 
              7.37502356e-03,   1.97592992e-02,   1.99456146e-02,   2.39966815e-03,   7.39381375e-01, 
              3.37645062e-02,   2.58127098e-02,   1.83570651e-02,   3.50150253e-02,   1.90676527e-02, 
              2.57589463e-02,   3.41294814e-02,   1.14678155e-02,   3.06319441e-02,   3.10002665e-02, 
              3.73150660e-03,   9.19269284e-01,   4.23917888e-02,   3.24651981e-02,   2.29308911e-02, 
              4.39927282e-02,   2.39852603e-02,   3.22592356e-02,   4.29011410e-02,   1.44265930e-02, 
              3.84199320e-02,   3.89808531e-02,   4.69442999e-03,   1.01072780e+00,   4.68874120e-02, 
              3.59468317e-02,   2.52838796e-02,   4.86791004e-02,   2.65598422e-02,   3.56249983e-02, 
              4.74854921e-02,   1.59759557e-02,   4.24677650e-02,   4.31552318e-02,   5.19870877e-03 ]
         </q>
         <p shape='(10, 12)'>
          [   0.00000000e+00,   0.00000000e+00,   0.00000000e+00,   0.00000000e+00,   0.00000000e+00, 
              0.00000000e+00,   0.00000000e+00,   0.00000000e+00,   0.00000000e+00,   0.00000000e+00, 
              0.00000000e+00,   0.00000000e+00,   0.00000000e+00,   0.00000000e+00,   0.00000000e+00, 
              0.00000000e+00,   0.00000000e+00,   0.00000000e+00,   0.00000000e+00,   0.00000000e+00, 
              0.00000000e+00,   0.00000000e+00,   0.00000000e+00,   0.00000000e+00,   0.00000000e+00, 
              0.00000000e+00,   0.00000000e+00,   0.00000000e+00,   0.00000000e+00,   0.00000000e+00, 
              0.00000000e+00,   0.00000000e+00,   0.00000000e+00,   0.00000000e+00,   0.00000000e+00, 
              0.00000000e+00,   0.00000000e+00,   0.00000000e+00,   0.00000000e+00,   0.00000000e+00, 
              0.00000000e+00,   0.00000000e+00,   0.00000000e+00,   0.00000000e+00,   0.00000000e+00, 
              0.00000000e+00,   0.00000000e+00,   0.00000000e+00,   0.00000000e+00,   0.00000000e+00, 
              0.00000000e+00,   0.00000000e+00,   0.00000000e+00,   0.00000000e+00,   0.00000000e+00, 
              0.00000000e+00,   0.00000000e+00,   0.00000000e+00,   0.00000000e+00,   0.00000000e+00, 
              0.00000000e+00,   0.00000000e+00,   0.00000000e+00,   0.00000000e+00,   0.00000000e+00, 
              0.00000000e+00,   0.00000000e+00,   0.00000000e+00,   0.00000000e+00,   0.00000000e+00, 
              0.00000000e+00,   0.00000000e+00,   0.00000000e+00,   0.00000000e+00,   0.00000000e+00, 
              0.00000000e+00,   0.00000000e+00,   0.00000000e+00,   0.00000000e+00,   0.00000000e+00, 
              0.00000000e+00,   0.00000000e+00,   0.00000000e+00,   0.00000000e+00,   0.00000000e+00, 
              0.00000000e+00,   0.00000000e+00,   0.00000000e+00,   0.00000000e+00,   0.00000000e+00, 
              0.00000000e+00,   0.00000000e+00,   0.00000000e+00,   0.00000000e+00,   0.00000000e+00, 
              0.00000000e+00,   0.00000000e+00,   0.00000000e+00,   0.00000000e+00,   0.00000000e+00, 
              0.00000000e+00,   0.00000000e+00,   0.00000000e+00,   0.00000000e+00,   0.00000000e+00, 
              0.00000000e+00,   0.00000000e+00,   0.00000000e+00,   0.00000000e+00,   0.00000000e+00, 
              0.00000000e+00,   0.00000000e+00,   0.00000000e+00,   0.00000000e+00,   0.00000000e+00, 
              0.00000000e+00,   0.00000000e+00,   0.00000000e+00,   0.00000000e+00,   0.00000000e+00 ]
         </p>
         <m shape='(4)'> [   1.83736223e+03,   1.83736223e+03,   1.83736223e+03,   1.83736223e+03 ] </m>
         <names shape='(4)'> [ H, H, H, H ] </names>
      </beads>
      <cell shape='(3, 3)'>
       [   3.00000000e+02,   1.83697020e-14,   1.83697020e-14,   0.00000000e+00,   3.00000000e+02, 
           1.83697020e-14,   0.00000000e+00,   0.00000000e+00,   3.00000000e+02 ]
      </cell>
   </system>
</simulation>
