<simulation verbosity='medium' mode='static'>
   <output prefix='inst'>
      <properties shape='(2)'> [ step, potential{electronvolt} ] </properties>
      <trajectory filename='raw'>extras</trajectory>
      <trajectory filename='fric' extra_type='friction'>extras</trajectory>
   </output>
   <step>30</step>
   <total_steps>30</total_steps>
   <ffsocket mode='unix' name='aims'>
   </ffsocket>
   <system>
      <forces>
         <force forcefield='aims'>
            <force_extras shape='(1)'> [ friction ] </force_extras>
         </force>
      </forces>
      <ensemble>
         <temperature>  3.80017824e-04</temperature>
         <hamiltonian_weights shape='(1)'> [   1.00000000e+00 ] </hamiltonian_weights>
      </ensemble>
      <motion mode='instanton'>
         <instanton>
            <tolerances>
               <energy>  1.00000000e-03</energy>
               <force>  2.00000000e-04</force>
            </tolerances>
            <biggest_step>  1.00000000e-01</biggest_step>
            <old_pot shape='(16)'>
             [   5.37239687e-03,   5.37240995e-03,   5.37241752e-03,   5.37238587e-03,   5.37227257e-03, 
                 5.37203475e-03,   5.37163807e-03,   5.37106548e-03,   5.37032257e-03,   5.36943943e-03, 
                 5.36846890e-03,   5.36748153e-03,   5.36655763e-03,   5.36577781e-03,   5.36521322e-03, 
                 5.36491681e-03 ]
            </old_pot>
            <old_force shape='(16, 3)'>
             [  -1.19732308e-04,   1.40818188e-06,   1.39988637e-06,  -1.15096254e-04,   1.35221829e-06, 
                 1.34385535e-06,  -1.06007213e-04,   1.24267246e-06,   1.23445814e-06,  -9.28237734e-05, 
                 1.08433099e-06,   1.07705256e-06,  -7.60652415e-05,   8.84505191e-07,   8.79048461e-07, 
                -5.63901608e-05,   6.53102804e-07,   6.49508188e-07,  -3.45689285e-05,   4.00697602e-07, 
                 3.98314933e-07,  -1.14512248e-05,   1.34945413e-07,   1.34139829e-07,   1.20682495e-05, 
                -1.35502917e-07,  -1.34660844e-07,   3.50849966e-05,  -4.01960889e-07,  -3.99517275e-07, 
                 5.67197001e-05,  -6.55048051e-07,  -6.51100717e-07,   7.61513206e-05,  -8.85063207e-07, 
                -8.79659961e-07,   9.26471121e-05,  -1.08247361e-06,  -1.07575696e-06,   1.05588624e-04, 
                -1.23871356e-06,  -1.23092323e-06,   1.14493026e-04,  -1.34684715e-06,  -1.33833155e-06, 
                 1.19029339e-04,  -1.40210358e-06,  -1.39323429e-06 ]
            </old_force>
            <opt>nichols</opt>
            <discretization shape='(17)'>
             [   1.00000000e+00,   1.00000000e+00,   1.00000000e+00,   1.00000000e+00,   1.00000000e+00, 
                 1.00000000e+00,   1.00000000e+00,   1.00000000e+00,   1.00000000e+00,   1.00000000e+00, 
                 1.00000000e+00,   1.00000000e+00,   1.00000000e+00,   1.00000000e+00,   1.00000000e+00, 
                 1.00000000e+00,   1.00000000e+00 ]
            </discretization>
            <friction> True</friction>
            <z_friction shape='(999, 2)'>
             [   1.00000000e+00,   9.91547016e-01,   2.00000000e+00,   9.84855150e-01,   3.00000000e+00, 
                 9.78825564e-01,   4.00000000e+00,   9.73224708e-01,   5.00000000e+00,   9.67941670e-01, 
                 6.00000000e+00,   9.62911133e-01,   7.00000000e+00,   9.58089945e-01,   8.00000000e+00, 
                 9.53447439e-01,   9.00000000e+00,   9.48960692e-01,   1.00000000e+01,   9.44611912e-01, 
                 1.10000000e+01,   9.40386891e-01,   1.20000000e+01,   9.36274017e-01,   1.30000000e+01, 
                 9.32263625e-01,   1.40000000e+01,   9.28347542e-01,   1.50000000e+01,   9.24518768e-01, 
                 1.60000000e+01,   9.20771243e-01,   1.70000000e+01,   9.17099663e-01,   1.80000000e+01, 
                 9.13499355e-01,   1.90000000e+01,   9.09966164e-01,   2.00000000e+01,   9.06496377e-01, 
                 2.10000000e+01,   9.03086653e-01,   2.20000000e+01,   8.99733970e-01,   2.30000000e+01, 
                 8.96435582e-01,   2.40000000e+01,   8.93188985e-01,   2.50000000e+01,   8.89991881e-01, 
                 2.60000000e+01,   8.86842161e-01,   2.70000000e+01,   8.83737876e-01,   2.80000000e+01, 
                 8.80677224e-01,   2.90000000e+01,   8.77658532e-01,   3.00000000e+01,   8.74680243e-01, 
                 3.10000000e+01,   8.71740904e-01,   3.20000000e+01,   8.68839157e-01,   3.30000000e+01, 
                 8.65973731e-01,   3.40000000e+01,   8.63143429e-01,   3.50000000e+01,   8.60347128e-01, 
                 3.60000000e+01,   8.57583770e-01,   3.70000000e+01,   8.54852353e-01,   3.80000000e+01, 
                 8.52151933e-01,   3.90000000e+01,   8.49481614e-01,   4.00000000e+01,   8.46840548e-01, 
                 4.10000000e+01,   8.44227929e-01,   4.20000000e+01,   8.41642991e-01,   4.30000000e+01, 
                 8.39085005e-01,   4.40000000e+01,   8.36553275e-01,   4.50000000e+01,   8.34047138e-01, 
                 4.60000000e+01,   8.31565962e-01,   4.70000000e+01,   8.29109141e-01,   4.80000000e+01, 
                 8.26676096e-01,   4.90000000e+01,   8.24266271e-01,   5.00000000e+01,   8.21879136e-01, 
                 5.10000000e+01,   8.19514180e-01,   5.20000000e+01,   8.17170913e-01,   5.30000000e+01, 
                 8.14848864e-01,   5.40000000e+01,   8.12547581e-01,   5.50000000e+01,   8.10266627e-01, 
                 5.60000000e+01,   8.08005583e-01,   5.70000000e+01,   8.05764045e-01,   5.80000000e+01, 
                 8.03541622e-01,   5.90000000e+01,   8.01337939e-01,   6.00000000e+01,   7.99152632e-01, 
                 6.10000000e+01,   7.96985350e-01,   6.20000000e+01,   7.94835753e-01,   6.30000000e+01, 
                 7.92703514e-01,   6.40000000e+01,   7.90588316e-01,   6.50000000e+01,   7.88489850e-01, 
                 6.60000000e+01,   7.86407819e-01,   6.70000000e+01,   7.84341935e-01,   6.80000000e+01, 
                 7.82291918e-01,   6.90000000e+01,   7.80257496e-01,   7.00000000e+01,   7.78238407e-01, 
                 7.10000000e+01,   7.76234395e-01,   7.20000000e+01,   7.74245211e-01,   7.30000000e+01, 
                 7.72270615e-01,   7.40000000e+01,   7.70310371e-01,   7.50000000e+01,   7.68364253e-01, 
                 7.60000000e+01,   7.66432039e-01,   7.70000000e+01,   7.64513512e-01,   7.80000000e+01, 
                 7.62608464e-01,   7.90000000e+01,   7.60716689e-01,   8.00000000e+01,   7.58837988e-01, 
                 8.10000000e+01,   7.56972168e-01,   8.20000000e+01,   7.55119040e-01,   8.30000000e+01, 
                 7.53278419e-01,   8.40000000e+01,   7.51450125e-01,   8.50000000e+01,   7.49633983e-01, 
                 8.60000000e+01,   7.47829823e-01,   8.70000000e+01,   7.46037477e-01,   8.80000000e+01, 
                 7.44256781e-01,   8.90000000e+01,   7.42487578e-01,   9.00000000e+01,   7.40729711e-01, 
                 9.10000000e+01,   7.38983029e-01,   9.20000000e+01,   7.37247382e-01,   9.30000000e+01, 
                 7.35522627e-01,   9.40000000e+01,   7.33808620e-01,   9.50000000e+01,   7.32105224e-01, 
                 9.60000000e+01,   7.30412301e-01,   9.70000000e+01,   7.28729721e-01,   9.80000000e+01, 
                 7.27057352e-01,   9.90000000e+01,   7.25395067e-01,   1.00000000e+02,   7.23742741e-01, 
                 1.01000000e+02,   7.22100254e-01,   1.02000000e+02,   7.20467484e-01,   1.03000000e+02, 
                 7.18844315e-01,   1.04000000e+02,   7.17230633e-01,   1.05000000e+02,   7.15626325e-01, 
                 1.06000000e+02,   7.14031281e-01,   1.07000000e+02,   7.12445392e-01,   1.08000000e+02, 
                 7.10868553e-01,   1.09000000e+02,   7.09300660e-01,   1.10000000e+02,   7.07741611e-01, 
                 1.11000000e+02,   7.06191307e-01,   1.12000000e+02,   7.04649648e-01,   1.13000000e+02, 
                 7.03116539e-01,   1.14000000e+02,   7.01591885e-01,   1.15000000e+02,   7.00075594e-01, 
                 1.16000000e+02,   6.98567574e-01,   1.17000000e+02,   6.97067737e-01,   1.18000000e+02, 
                 6.95575993e-01,   1.19000000e+02,   6.94092258e-01,   1.20000000e+02,   6.92616446e-01, 
                 1.21000000e+02,   6.91148474e-01,   1.22000000e+02,   6.89688260e-01,   1.23000000e+02, 
                 6.88235724e-01,   1.24000000e+02,   6.86790786e-01,   1.25000000e+02,   6.85353369e-01, 
                 1.26000000e+02,   6.83923398e-01,   1.27000000e+02,   6.82500795e-01,   1.28000000e+02, 
                 6.81085488e-01,   1.29000000e+02,   6.79677404e-01,   1.30000000e+02,   6.78276472e-01, 
                 1.31000000e+02,   6.76882621e-01,   1.32000000e+02,   6.75495781e-01,   1.33000000e+02, 
                 6.74115886e-01,   1.34000000e+02,   6.72742867e-01,   1.35000000e+02,   6.71376660e-01, 
                 1.36000000e+02,   6.70017198e-01,   1.37000000e+02,   6.68664418e-01,   1.38000000e+02, 
                 6.67318258e-01,   1.39000000e+02,   6.65978654e-01,   1.40000000e+02,   6.64645547e-01, 
                 1.41000000e+02,   6.63318876e-01,   1.42000000e+02,   6.61998582e-01,   1.43000000e+02, 
                 6.60684606e-01,   1.44000000e+02,   6.59376892e-01,   1.45000000e+02,   6.58075381e-01, 
                 1.46000000e+02,   6.56780020e-01,   1.47000000e+02,   6.55490753e-01,   1.48000000e+02, 
                 6.54207525e-01,   1.49000000e+02,   6.52930283e-01,   1.50000000e+02,   6.51658974e-01, 
                 1.51000000e+02,   6.50393548e-01,   1.52000000e+02,   6.49133952e-01,   1.53000000e+02, 
                 6.47880136e-01,   1.54000000e+02,   6.46632051e-01,   1.55000000e+02,   6.45389646e-01, 
                 1.56000000e+02,   6.44152875e-01,   1.57000000e+02,   6.42921689e-01,   1.58000000e+02, 
                 6.41696041e-01,   1.59000000e+02,   6.40475885e-01,   1.60000000e+02,   6.39261175e-01, 
                 1.61000000e+02,   6.38051865e-01,   1.62000000e+02,   6.36847912e-01,   1.63000000e+02, 
                 6.35649271e-01,   1.64000000e+02,   6.34455899e-01,   1.65000000e+02,   6.33267752e-01, 
                 1.66000000e+02,   6.32084789e-01,   1.67000000e+02,   6.30906968e-01,   1.68000000e+02, 
                 6.29734248e-01,   1.69000000e+02,   6.28566587e-01,   1.70000000e+02,   6.27403946e-01, 
                 1.71000000e+02,   6.26246285e-01,   1.72000000e+02,   6.25093566e-01,   1.73000000e+02, 
                 6.23945748e-01,   1.74000000e+02,   6.22802794e-01,   1.75000000e+02,   6.21664667e-01, 
                 1.76000000e+02,   6.20531329e-01,   1.77000000e+02,   6.19402743e-01,   1.78000000e+02, 
                 6.18278872e-01,   1.79000000e+02,   6.17159682e-01,   1.80000000e+02,   6.16045136e-01, 
                 1.81000000e+02,   6.14935200e-01,   1.82000000e+02,   6.13829838e-01,   1.83000000e+02, 
                 6.12729017e-01,   1.84000000e+02,   6.11632703e-01,   1.85000000e+02,   6.10540862e-01, 
                 1.86000000e+02,   6.09453461e-01,   1.87000000e+02,   6.08370468e-01,   1.88000000e+02, 
                 6.07291850e-01,   1.89000000e+02,   6.06217575e-01,   1.90000000e+02,   6.05147613e-01, 
                 1.91000000e+02,   6.04081931e-01,   1.92000000e+02,   6.03020499e-01,   1.93000000e+02, 
                 6.01963286e-01,   1.94000000e+02,   6.00910263e-01,   1.95000000e+02,   5.99861399e-01, 
                 1.96000000e+02,   5.98816665e-01,   1.97000000e+02,   5.97776032e-01,   1.98000000e+02, 
                 5.96739471e-01,   1.99000000e+02,   5.95706954e-01,   2.00000000e+02,   5.94678452e-01, 
                 2.01000000e+02,   5.93653937e-01,   2.02000000e+02,   5.92633383e-01,   2.03000000e+02, 
                 5.91616761e-01,   2.04000000e+02,   5.90604045e-01,   2.05000000e+02,   5.89595207e-01, 
                 2.06000000e+02,   5.88590223e-01,   2.07000000e+02,   5.87589064e-01,   2.08000000e+02, 
                 5.86591707e-01,   2.09000000e+02,   5.85598124e-01,   2.10000000e+02,   5.84608291e-01, 
                 2.11000000e+02,   5.83622183e-01,   2.12000000e+02,   5.82639774e-01,   2.13000000e+02, 
                 5.81661041e-01,   2.14000000e+02,   5.80685959e-01,   2.15000000e+02,   5.79714504e-01, 
                 2.16000000e+02,   5.78746652e-01,   2.17000000e+02,   5.77782380e-01,   2.18000000e+02, 
                 5.76821664e-01,   2.19000000e+02,   5.75864481e-01,   2.20000000e+02,   5.74910809e-01, 
                 2.21000000e+02,   5.73960625e-01,   2.22000000e+02,   5.73013906e-01,   2.23000000e+02, 
                 5.72070630e-01,   2.24000000e+02,   5.71130776e-01,   2.25000000e+02,   5.70194321e-01, 
                 2.26000000e+02,   5.69261244e-01,   2.27000000e+02,   5.68331524e-01,   2.28000000e+02, 
                 5.67405140e-01,   2.29000000e+02,   5.66482071e-01,   2.30000000e+02,   5.65562295e-01, 
                 2.31000000e+02,   5.64645794e-01,   2.32000000e+02,   5.63732545e-01,   2.33000000e+02, 
                 5.62822530e-01,   2.34000000e+02,   5.61915728e-01,   2.35000000e+02,   5.61012119e-01, 
                 2.36000000e+02,   5.60111685e-01,   2.37000000e+02,   5.59214405e-01,   2.38000000e+02, 
                 5.58320261e-01,   2.39000000e+02,   5.57429233e-01,   2.40000000e+02,   5.56541303e-01, 
                 2.41000000e+02,   5.55656452e-01,   2.42000000e+02,   5.54774661e-01,   2.43000000e+02, 
                 5.53895913e-01,   2.44000000e+02,   5.53020188e-01,   2.45000000e+02,   5.52147470e-01, 
                 2.46000000e+02,   5.51277740e-01,   2.47000000e+02,   5.50410981e-01,   2.48000000e+02, 
                 5.49547175e-01,   2.49000000e+02,   5.48686305e-01,   2.50000000e+02,   5.47828354e-01, 
                 2.51000000e+02,   5.46973304e-01,   2.52000000e+02,   5.46121139e-01,   2.53000000e+02, 
                 5.45271842e-01,   2.54000000e+02,   5.44425397e-01,   2.55000000e+02,   5.43581786e-01, 
                 2.56000000e+02,   5.42740995e-01,   2.57000000e+02,   5.41903006e-01,   2.58000000e+02, 
                 5.41067803e-01,   2.59000000e+02,   5.40235372e-01,   2.60000000e+02,   5.39405695e-01, 
                 2.61000000e+02,   5.38578758e-01,   2.62000000e+02,   5.37754545e-01,   2.63000000e+02, 
                 5.36933041e-01,   2.64000000e+02,   5.36114230e-01,   2.65000000e+02,   5.35298098e-01, 
                 2.66000000e+02,   5.34484629e-01,   2.67000000e+02,   5.33673809e-01,   2.68000000e+02, 
                 5.32865622e-01,   2.69000000e+02,   5.32060056e-01,   2.70000000e+02,   5.31257094e-01, 
                 2.71000000e+02,   5.30456723e-01,   2.72000000e+02,   5.29658928e-01,   2.73000000e+02, 
                 5.28863696e-01,   2.74000000e+02,   5.28071012e-01,   2.75000000e+02,   5.27280863e-01, 
                 2.76000000e+02,   5.26493235e-01,   2.77000000e+02,   5.25708113e-01,   2.78000000e+02, 
                 5.24925486e-01,   2.79000000e+02,   5.24145339e-01,   2.80000000e+02,   5.23367659e-01, 
                 2.81000000e+02,   5.22592433e-01,   2.82000000e+02,   5.21819647e-01,   2.83000000e+02, 
                 5.21049289e-01,   2.84000000e+02,   5.20281346e-01,   2.85000000e+02,   5.19515806e-01, 
                 2.86000000e+02,   5.18752654e-01,   2.87000000e+02,   5.17991880e-01,   2.88000000e+02, 
                 5.17233470e-01,   2.89000000e+02,   5.16477412e-01,   2.90000000e+02,   5.15723694e-01, 
                 2.91000000e+02,   5.14972303e-01,   2.92000000e+02,   5.14223228e-01,   2.93000000e+02, 
                 5.13476457e-01,   2.94000000e+02,   5.12731977e-01,   2.95000000e+02,   5.11989776e-01, 
                 2.96000000e+02,   5.11249844e-01,   2.97000000e+02,   5.10512169e-01,   2.98000000e+02, 
                 5.09776738e-01,   2.99000000e+02,   5.09043541e-01,   3.00000000e+02,   5.08312567e-01, 
                 3.01000000e+02,   5.07583803e-01,   3.02000000e+02,   5.06857238e-01,   3.03000000e+02, 
                 5.06132863e-01,   3.04000000e+02,   5.05410665e-01,   3.05000000e+02,   5.04690633e-01, 
                 3.06000000e+02,   5.03972758e-01,   3.07000000e+02,   5.03257027e-01,   3.08000000e+02, 
                 5.02543431e-01,   3.09000000e+02,   5.01831958e-01,   3.10000000e+02,   5.01122599e-01, 
                 3.11000000e+02,   5.00415342e-01,   3.12000000e+02,   4.99710178e-01,   3.13000000e+02, 
                 4.99007096e-01,   3.14000000e+02,   4.98306086e-01,   3.15000000e+02,   4.97607137e-01, 
                 3.16000000e+02,   4.96910240e-01,   3.17000000e+02,   4.96215384e-01,   3.18000000e+02, 
                 4.95522561e-01,   3.19000000e+02,   4.94831759e-01,   3.20000000e+02,   4.94142969e-01, 
                 3.21000000e+02,   4.93456181e-01,   3.22000000e+02,   4.92771386e-01,   3.23000000e+02, 
                 4.92088574e-01,   3.24000000e+02,   4.91407736e-01,   3.25000000e+02,   4.90728862e-01, 
                 3.26000000e+02,   4.90051942e-01,   3.27000000e+02,   4.89376968e-01,   3.28000000e+02, 
                 4.88703931e-01,   3.29000000e+02,   4.88032820e-01,   3.30000000e+02,   4.87363627e-01, 
                 3.31000000e+02,   4.86696343e-01,   3.32000000e+02,   4.86030959e-01,   3.33000000e+02, 
                 4.85367466e-01,   3.34000000e+02,   4.84705855e-01,   3.35000000e+02,   4.84046117e-01, 
                 3.36000000e+02,   4.83388243e-01,   3.37000000e+02,   4.82732226e-01,   3.38000000e+02, 
                 4.82078056e-01,   3.39000000e+02,   4.81425724e-01,   3.40000000e+02,   4.80775223e-01, 
                 3.41000000e+02,   4.80126543e-01,   3.42000000e+02,   4.79479677e-01,   3.43000000e+02, 
                 4.78834615e-01,   3.44000000e+02,   4.78191351e-01,   3.45000000e+02,   4.77549875e-01, 
                 3.46000000e+02,   4.76910179e-01,   3.47000000e+02,   4.76272256e-01,   3.48000000e+02, 
                 4.75636096e-01,   3.49000000e+02,   4.75001693e-01,   3.50000000e+02,   4.74369038e-01, 
                 3.51000000e+02,   4.73738124e-01,   3.52000000e+02,   4.73108942e-01,   3.53000000e+02, 
                 4.72481485e-01,   3.54000000e+02,   4.71855744e-01,   3.55000000e+02,   4.71231714e-01, 
                 3.56000000e+02,   4.70609384e-01,   3.57000000e+02,   4.69988749e-01,   3.58000000e+02, 
                 4.69369800e-01,   3.59000000e+02,   4.68752531e-01,   3.60000000e+02,   4.68136933e-01, 
                 3.61000000e+02,   4.67522999e-01,   3.62000000e+02,   4.66910722e-01,   3.63000000e+02, 
                 4.66300095e-01,   3.64000000e+02,   4.65691110e-01,   3.65000000e+02,   4.65083760e-01, 
                 3.66000000e+02,   4.64478039e-01,   3.67000000e+02,   4.63873938e-01,   3.68000000e+02, 
                 4.63271451e-01,   3.69000000e+02,   4.62670571e-01,   3.70000000e+02,   4.62071290e-01, 
                 3.71000000e+02,   4.61473603e-01,   3.72000000e+02,   4.60877501e-01,   3.73000000e+02, 
                 4.60282979e-01,   3.74000000e+02,   4.59690029e-01,   3.75000000e+02,   4.59098645e-01, 
                 3.76000000e+02,   4.58508820e-01,   3.77000000e+02,   4.57920546e-01,   3.78000000e+02, 
                 4.57333819e-01,   3.79000000e+02,   4.56748630e-01,   3.80000000e+02,   4.56164975e-01, 
                 3.81000000e+02,   4.55582844e-01,   3.82000000e+02,   4.55002234e-01,   3.83000000e+02, 
                 4.54423137e-01,   3.84000000e+02,   4.53845546e-01,   3.85000000e+02,   4.53269455e-01, 
                 3.86000000e+02,   4.52694859e-01,   3.87000000e+02,   4.52121751e-01,   3.88000000e+02, 
                 4.51550124e-01,   3.89000000e+02,   4.50979972e-01,   3.90000000e+02,   4.50411289e-01, 
                 3.91000000e+02,   4.49844070e-01,   3.92000000e+02,   4.49278308e-01,   3.93000000e+02, 
                 4.48713996e-01,   3.94000000e+02,   4.48151130e-01,   3.95000000e+02,   4.47589702e-01, 
                 3.96000000e+02,   4.47029708e-01,   3.97000000e+02,   4.46471140e-01,   3.98000000e+02, 
                 4.45913994e-01,   3.99000000e+02,   4.45358263e-01,   4.00000000e+02,   4.44803942e-01, 
                 4.01000000e+02,   4.44251025e-01,   4.02000000e+02,   4.43699506e-01,   4.03000000e+02, 
                 4.43149380e-01,   4.04000000e+02,   4.42600640e-01,   4.05000000e+02,   4.42053281e-01, 
                 4.06000000e+02,   4.41507299e-01,   4.07000000e+02,   4.40962686e-01,   4.08000000e+02, 
                 4.40419437e-01,   4.09000000e+02,   4.39877548e-01,   4.10000000e+02,   4.39337012e-01, 
                 4.11000000e+02,   4.38797824e-01,   4.12000000e+02,   4.38259979e-01,   4.13000000e+02, 
                 4.37723472e-01,   4.14000000e+02,   4.37188296e-01,   4.15000000e+02,   4.36654447e-01, 
                 4.16000000e+02,   4.36121920e-01,   4.17000000e+02,   4.35590708e-01,   4.18000000e+02, 
                 4.35060808e-01,   4.19000000e+02,   4.34532213e-01,   4.20000000e+02,   4.34004920e-01, 
                 4.21000000e+02,   4.33478921e-01,   4.22000000e+02,   4.32954213e-01,   4.23000000e+02, 
                 4.32430790e-01,   4.24000000e+02,   4.31908648e-01,   4.25000000e+02,   4.31387781e-01, 
                 4.26000000e+02,   4.30868184e-01,   4.27000000e+02,   4.30349853e-01,   4.28000000e+02, 
                 4.29832782e-01,   4.29000000e+02,   4.29316966e-01,   4.30000000e+02,   4.28802402e-01, 
                 4.31000000e+02,   4.28289083e-01,   4.32000000e+02,   4.27777005e-01,   4.33000000e+02, 
                 4.27266163e-01,   4.34000000e+02,   4.26756553e-01,   4.35000000e+02,   4.26248169e-01, 
                 4.36000000e+02,   4.25741007e-01,   4.37000000e+02,   4.25235063e-01,   4.38000000e+02, 
                 4.24730331e-01,   4.39000000e+02,   4.24226808e-01,   4.40000000e+02,   4.23724488e-01, 
                 4.41000000e+02,   4.23223366e-01,   4.42000000e+02,   4.22723439e-01,   4.43000000e+02, 
                 4.22224702e-01,   4.44000000e+02,   4.21727150e-01,   4.45000000e+02,   4.21230778e-01, 
                 4.46000000e+02,   4.20735583e-01,   4.47000000e+02,   4.20241560e-01,   4.48000000e+02, 
                 4.19748704e-01,   4.49000000e+02,   4.19257011e-01,   4.50000000e+02,   4.18766477e-01, 
                 4.51000000e+02,   4.18277097e-01,   4.52000000e+02,   4.17788868e-01,   4.53000000e+02, 
                 4.17301784e-01,   4.54000000e+02,   4.16815842e-01,   4.55000000e+02,   4.16331036e-01, 
                 4.56000000e+02,   4.15847364e-01,   4.57000000e+02,   4.15364821e-01,   4.58000000e+02, 
                 4.14883402e-01,   4.59000000e+02,   4.14403104e-01,   4.60000000e+02,   4.13923922e-01, 
                 4.61000000e+02,   4.13445852e-01,   4.62000000e+02,   4.12968890e-01,   4.63000000e+02, 
                 4.12493033e-01,   4.64000000e+02,   4.12018275e-01,   4.65000000e+02,   4.11544614e-01, 
                 4.66000000e+02,   4.11072044e-01,   4.67000000e+02,   4.10600563e-01,   4.68000000e+02, 
                 4.10130165e-01,   4.69000000e+02,   4.09660848e-01,   4.70000000e+02,   4.09192606e-01, 
                 4.71000000e+02,   4.08725437e-01,   4.72000000e+02,   4.08259336e-01,   4.73000000e+02, 
                 4.07794300e-01,   4.74000000e+02,   4.07330325e-01,   4.75000000e+02,   4.06867406e-01, 
                 4.76000000e+02,   4.06405540e-01,   4.77000000e+02,   4.05944724e-01,   4.78000000e+02, 
                 4.05484953e-01,   4.79000000e+02,   4.05026224e-01,   4.80000000e+02,   4.04568532e-01, 
                 4.81000000e+02,   4.04111876e-01,   4.82000000e+02,   4.03656249e-01,   4.83000000e+02, 
                 4.03201650e-01,   4.84000000e+02,   4.02748074e-01,   4.85000000e+02,   4.02295518e-01, 
                 4.86000000e+02,   4.01843977e-01,   4.87000000e+02,   4.01393450e-01,   4.88000000e+02, 
                 4.00943931e-01,   4.89000000e+02,   4.00495417e-01,   4.90000000e+02,   4.00047905e-01, 
                 4.91000000e+02,   3.99601392e-01,   4.92000000e+02,   3.99155873e-01,   4.93000000e+02, 
                 3.98711345e-01,   4.94000000e+02,   3.98267805e-01,   4.95000000e+02,   3.97825250e-01, 
                 4.96000000e+02,   3.97383676e-01,   4.97000000e+02,   3.96943078e-01,   4.98000000e+02, 
                 3.96503456e-01,   4.99000000e+02,   3.96064803e-01,   5.00000000e+02,   3.95627118e-01, 
                 5.01000000e+02,   3.95190397e-01,   5.02000000e+02,   3.94754637e-01,   5.03000000e+02, 
                 3.94319834e-01,   5.04000000e+02,   3.93885985e-01,   5.05000000e+02,   3.93453087e-01, 
                 5.06000000e+02,   3.93021136e-01,   5.07000000e+02,   3.92590129e-01,   5.08000000e+02, 
                 3.92160064e-01,   5.09000000e+02,   3.91730936e-01,   5.10000000e+02,   3.91302742e-01, 
                 5.11000000e+02,   3.90875480e-01,   5.12000000e+02,   3.90449146e-01,   5.13000000e+02, 
                 3.90023737e-01,   5.14000000e+02,   3.89599250e-01,   5.15000000e+02,   3.89175682e-01, 
                 5.16000000e+02,   3.88753029e-01,   5.17000000e+02,   3.88331289e-01,   5.18000000e+02, 
                 3.87910458e-01,   5.19000000e+02,   3.87490534e-01,   5.20000000e+02,   3.87071513e-01, 
                 5.21000000e+02,   3.86653392e-01,   5.22000000e+02,   3.86236168e-01,   5.23000000e+02, 
                 3.85819839e-01,   5.24000000e+02,   3.85404401e-01,   5.25000000e+02,   3.84989851e-01, 
                 5.26000000e+02,   3.84576186e-01,   5.27000000e+02,   3.84163404e-01,   5.28000000e+02, 
                 3.83751500e-01,   5.29000000e+02,   3.83340474e-01,   5.30000000e+02,   3.82930321e-01, 
                 5.31000000e+02,   3.82521038e-01,   5.32000000e+02,   3.82112623e-01,   5.33000000e+02, 
                 3.81705074e-01,   5.34000000e+02,   3.81298386e-01,   5.35000000e+02,   3.80892557e-01, 
                 5.36000000e+02,   3.80487584e-01,   5.37000000e+02,   3.80083465e-01,   5.38000000e+02, 
                 3.79680197e-01,   5.39000000e+02,   3.79277777e-01,   5.40000000e+02,   3.78876202e-01, 
                 5.41000000e+02,   3.78475469e-01,   5.42000000e+02,   3.78075575e-01,   5.43000000e+02, 
                 3.77676519e-01,   5.44000000e+02,   3.77278297e-01,   5.45000000e+02,   3.76880906e-01, 
                 5.46000000e+02,   3.76484343e-01,   5.47000000e+02,   3.76088607e-01,   5.48000000e+02, 
                 3.75693694e-01,   5.49000000e+02,   3.75299602e-01,   5.50000000e+02,   3.74906328e-01, 
                 5.51000000e+02,   3.74513869e-01,   5.52000000e+02,   3.74122223e-01,   5.53000000e+02, 
                 3.73731387e-01,   5.54000000e+02,   3.73341358e-01,   5.55000000e+02,   3.72952134e-01, 
                 5.56000000e+02,   3.72563713e-01,   5.57000000e+02,   3.72176092e-01,   5.58000000e+02, 
                 3.71789267e-01,   5.59000000e+02,   3.71403237e-01,   5.60000000e+02,   3.71018000e-01, 
                 5.61000000e+02,   3.70633552e-01,   5.62000000e+02,   3.70249891e-01,   5.63000000e+02, 
                 3.69867014e-01,   5.64000000e+02,   3.69484920e-01,   5.65000000e+02,   3.69103605e-01, 
                 5.66000000e+02,   3.68723067e-01,   5.67000000e+02,   3.68343304e-01,   5.68000000e+02, 
                 3.67964313e-01,   5.69000000e+02,   3.67586092e-01,   5.70000000e+02,   3.67208638e-01, 
                 5.71000000e+02,   3.66831949e-01,   5.72000000e+02,   3.66456023e-01,   5.73000000e+02, 
                 3.66080856e-01,   5.74000000e+02,   3.65706448e-01,   5.75000000e+02,   3.65332795e-01, 
                 5.76000000e+02,   3.64959895e-01,   5.77000000e+02,   3.64587745e-01,   5.78000000e+02, 
                 3.64216344e-01,   5.79000000e+02,   3.63845689e-01,   5.80000000e+02,   3.63475777e-01, 
                 5.81000000e+02,   3.63106607e-01,   5.82000000e+02,   3.62738176e-01,   5.83000000e+02, 
                 3.62370481e-01,   5.84000000e+02,   3.62003521e-01,   5.85000000e+02,   3.61637293e-01, 
                 5.86000000e+02,   3.61271795e-01,   5.87000000e+02,   3.60907025e-01,   5.88000000e+02, 
                 3.60542980e-01,   5.89000000e+02,   3.60179659e-01,   5.90000000e+02,   3.59817058e-01, 
                 5.91000000e+02,   3.59455176e-01,   5.92000000e+02,   3.59094011e-01,   5.93000000e+02, 
                 3.58733560e-01,   5.94000000e+02,   3.58373822e-01,   5.95000000e+02,   3.58014793e-01, 
                 5.96000000e+02,   3.57656472e-01,   5.97000000e+02,   3.57298857e-01,   5.98000000e+02, 
                 3.56941945e-01,   5.99000000e+02,   3.56585735e-01,   6.00000000e+02,   3.56230224e-01, 
                 6.01000000e+02,   3.55875410e-01,   6.02000000e+02,   3.55521291e-01,   6.03000000e+02, 
                 3.55167865e-01,   6.04000000e+02,   3.54815130e-01,   6.05000000e+02,   3.54463084e-01, 
                 6.06000000e+02,   3.54111725e-01,   6.07000000e+02,   3.53761050e-01,   6.08000000e+02, 
                 3.53411057e-01,   6.09000000e+02,   3.53061745e-01,   6.10000000e+02,   3.52713112e-01, 
                 6.11000000e+02,   3.52365155e-01,   6.12000000e+02,   3.52017872e-01,   6.13000000e+02, 
                 3.51671262e-01,   6.14000000e+02,   3.51325322e-01,   6.15000000e+02,   3.50980050e-01, 
                 6.16000000e+02,   3.50635445e-01,   6.17000000e+02,   3.50291504e-01,   6.18000000e+02, 
                 3.49948226e-01,   6.19000000e+02,   3.49605608e-01,   6.20000000e+02,   3.49263649e-01, 
                 6.21000000e+02,   3.48922346e-01,   6.22000000e+02,   3.48581698e-01,   6.23000000e+02, 
                 3.48241703e-01,   6.24000000e+02,   3.47902358e-01,   6.25000000e+02,   3.47563662e-01, 
                 6.26000000e+02,   3.47225613e-01,   6.27000000e+02,   3.46888209e-01,   6.28000000e+02, 
                 3.46551448e-01,   6.29000000e+02,   3.46215329e-01,   6.30000000e+02,   3.45879849e-01, 
                 6.31000000e+02,   3.45545006e-01,   6.32000000e+02,   3.45210799e-01,   6.33000000e+02, 
                 3.44877226e-01,   6.34000000e+02,   3.44544285e-01,   6.35000000e+02,   3.44211973e-01, 
                 6.36000000e+02,   3.43880290e-01,   6.37000000e+02,   3.43549234e-01,   6.38000000e+02, 
                 3.43218802e-01,   6.39000000e+02,   3.42888993e-01,   6.40000000e+02,   3.42559805e-01, 
                 6.41000000e+02,   3.42231236e-01,   6.42000000e+02,   3.41903284e-01,   6.43000000e+02, 
                 3.41575948e-01,   6.44000000e+02,   3.41249226e-01,   6.45000000e+02,   3.40923116e-01, 
                 6.46000000e+02,   3.40597616e-01,   6.47000000e+02,   3.40272725e-01,   6.48000000e+02, 
                 3.39948441e-01,   6.49000000e+02,   3.39624762e-01,   6.50000000e+02,   3.39301686e-01, 
                 6.51000000e+02,   3.38979212e-01,   6.52000000e+02,   3.38657338e-01,   6.53000000e+02, 
                 3.38336061e-01,   6.54000000e+02,   3.38015382e-01,   6.55000000e+02,   3.37695297e-01, 
                 6.56000000e+02,   3.37375805e-01,   6.57000000e+02,   3.37056905e-01,   6.58000000e+02, 
                 3.36738594e-01,   6.59000000e+02,   3.36420872e-01,   6.60000000e+02,   3.36103736e-01, 
                 6.61000000e+02,   3.35787184e-01,   6.62000000e+02,   3.35471216e-01,   6.63000000e+02, 
                 3.35155829e-01,   6.64000000e+02,   3.34841022e-01,   6.65000000e+02,   3.34526793e-01, 
                 6.66000000e+02,   3.34213141e-01,   6.67000000e+02,   3.33900063e-01,   6.68000000e+02, 
                 3.33587559e-01,   6.69000000e+02,   3.33275627e-01,   6.70000000e+02,   3.32964264e-01, 
                 6.71000000e+02,   3.32653470e-01,   6.72000000e+02,   3.32343243e-01,   6.73000000e+02, 
                 3.32033582e-01,   6.74000000e+02,   3.31724484e-01,   6.75000000e+02,   3.31415948e-01, 
                 6.76000000e+02,   3.31107973e-01,   6.77000000e+02,   3.30800557e-01,   6.78000000e+02, 
                 3.30493699e-01,   6.79000000e+02,   3.30187396e-01,   6.80000000e+02,   3.29881648e-01, 
                 6.81000000e+02,   3.29576453e-01,   6.82000000e+02,   3.29271809e-01,   6.83000000e+02, 
                 3.28967715e-01,   6.84000000e+02,   3.28664169e-01,   6.85000000e+02,   3.28361170e-01, 
                 6.86000000e+02,   3.28058717e-01,   6.87000000e+02,   3.27756807e-01,   6.88000000e+02, 
                 3.27455439e-01,   6.89000000e+02,   3.27154613e-01,   6.90000000e+02,   3.26854325e-01, 
                 6.91000000e+02,   3.26554576e-01,   6.92000000e+02,   3.26255363e-01,   6.93000000e+02, 
                 3.25956684e-01,   6.94000000e+02,   3.25658540e-01,   6.95000000e+02,   3.25360927e-01, 
                 6.96000000e+02,   3.25063845e-01,   6.97000000e+02,   3.24767292e-01,   6.98000000e+02, 
                 3.24471266e-01,   6.99000000e+02,   3.24175767e-01,   7.00000000e+02,   3.23880793e-01, 
                 7.01000000e+02,   3.23586342e-01,   7.02000000e+02,   3.23292413e-01,   7.03000000e+02, 
                 3.22999004e-01,   7.04000000e+02,   3.22706115e-01,   7.05000000e+02,   3.22413744e-01, 
                 7.06000000e+02,   3.22121889e-01,   7.07000000e+02,   3.21830548e-01,   7.08000000e+02, 
                 3.21539722e-01,   7.09000000e+02,   3.21249407e-01,   7.10000000e+02,   3.20959604e-01, 
                 7.11000000e+02,   3.20670310e-01,   7.12000000e+02,   3.20381524e-01,   7.13000000e+02, 
                 3.20093244e-01,   7.14000000e+02,   3.19805471e-01,   7.15000000e+02,   3.19518201e-01, 
                 7.16000000e+02,   3.19231434e-01,   7.17000000e+02,   3.18945168e-01,   7.18000000e+02, 
                 3.18659402e-01,   7.19000000e+02,   3.18374135e-01,   7.20000000e+02,   3.18089365e-01, 
                 7.21000000e+02,   3.17805091e-01,   7.22000000e+02,   3.17521312e-01,   7.23000000e+02, 
                 3.17238026e-01,   7.24000000e+02,   3.16955233e-01,   7.25000000e+02,   3.16672930e-01, 
                 7.26000000e+02,   3.16391117e-01,   7.27000000e+02,   3.16109792e-01,   7.28000000e+02, 
                 3.15828954e-01,   7.29000000e+02,   3.15548601e-01,   7.30000000e+02,   3.15268733e-01, 
                 7.31000000e+02,   3.14989348e-01,   7.32000000e+02,   3.14710445e-01,   7.33000000e+02, 
                 3.14432022e-01,   7.34000000e+02,   3.14154079e-01,   7.35000000e+02,   3.13876613e-01, 
                 7.36000000e+02,   3.13599625e-01,   7.37000000e+02,   3.13323112e-01,   7.38000000e+02, 
                 3.13047073e-01,   7.39000000e+02,   3.12771508e-01,   7.40000000e+02,   3.12496414e-01, 
                 7.41000000e+02,   3.12221791e-01,   7.42000000e+02,   3.11947637e-01,   7.43000000e+02, 
                 3.11673951e-01,   7.44000000e+02,   3.11400733e-01,   7.45000000e+02,   3.11127980e-01, 
                 7.46000000e+02,   3.10855691e-01,   7.47000000e+02,   3.10583866e-01,   7.48000000e+02, 
                 3.10312503e-01,   7.49000000e+02,   3.10041601e-01,   7.50000000e+02,   3.09771159e-01, 
                 7.51000000e+02,   3.09501175e-01,   7.52000000e+02,   3.09231649e-01,   7.53000000e+02, 
                 3.08962579e-01,   7.54000000e+02,   3.08693964e-01,   7.55000000e+02,   3.08425803e-01, 
                 7.56000000e+02,   3.08158094e-01,   7.57000000e+02,   3.07890838e-01,   7.58000000e+02, 
                 3.07624031e-01,   7.59000000e+02,   3.07357674e-01,   7.60000000e+02,   3.07091765e-01, 
                 7.61000000e+02,   3.06826302e-01,   7.62000000e+02,   3.06561286e-01,   7.63000000e+02, 
                 3.06296714e-01,   7.64000000e+02,   3.06032586e-01,   7.65000000e+02,   3.05768900e-01, 
                 7.66000000e+02,   3.05505656e-01,   7.67000000e+02,   3.05242852e-01,   7.68000000e+02, 
                 3.04980486e-01,   7.69000000e+02,   3.04718559e-01,   7.70000000e+02,   3.04457068e-01, 
                 7.71000000e+02,   3.04196014e-01,   7.72000000e+02,   3.03935394e-01,   7.73000000e+02, 
                 3.03675207e-01,   7.74000000e+02,   3.03415453e-01,   7.75000000e+02,   3.03156130e-01, 
                 7.76000000e+02,   3.02897237e-01,   7.77000000e+02,   3.02638774e-01,   7.78000000e+02, 
                 3.02380739e-01,   7.79000000e+02,   3.02123131e-01,   7.80000000e+02,   3.01865948e-01, 
                 7.81000000e+02,   3.01609191e-01,   7.82000000e+02,   3.01352857e-01,   7.83000000e+02, 
                 3.01096947e-01,   7.84000000e+02,   3.00841458e-01,   7.85000000e+02,   3.00586389e-01, 
                 7.86000000e+02,   3.00331741e-01,   7.87000000e+02,   3.00077510e-01,   7.88000000e+02, 
                 2.99823698e-01,   7.89000000e+02,   2.99570302e-01,   7.90000000e+02,   2.99317321e-01, 
                 7.91000000e+02,   2.99064755e-01,   7.92000000e+02,   2.98812602e-01,   7.93000000e+02, 
                 2.98560861e-01,   7.94000000e+02,   2.98309532e-01,   7.95000000e+02,   2.98058613e-01, 
                 7.96000000e+02,   2.97808104e-01,   7.97000000e+02,   2.97558003e-01,   7.98000000e+02, 
                 2.97308309e-01,   7.99000000e+02,   2.97059021e-01,   8.00000000e+02,   2.96810139e-01, 
                 8.01000000e+02,   2.96561661e-01,   8.02000000e+02,   2.96313586e-01,   8.03000000e+02, 
                 2.96065914e-01,   8.04000000e+02,   2.95818643e-01,   8.05000000e+02,   2.95571772e-01, 
                 8.06000000e+02,   2.95325301e-01,   8.07000000e+02,   2.95079228e-01,   8.08000000e+02, 
                 2.94833553e-01,   8.09000000e+02,   2.94588274e-01,   8.10000000e+02,   2.94343391e-01, 
                 8.11000000e+02,   2.94098902e-01,   8.12000000e+02,   2.93854806e-01,   8.13000000e+02, 
                 2.93611103e-01,   8.14000000e+02,   2.93367792e-01,   8.15000000e+02,   2.93124872e-01, 
                 8.16000000e+02,   2.92882341e-01,   8.17000000e+02,   2.92640200e-01,   8.18000000e+02, 
                 2.92398446e-01,   8.19000000e+02,   2.92157079e-01,   8.20000000e+02,   2.91916098e-01, 
                 8.21000000e+02,   2.91675502e-01,   8.22000000e+02,   2.91435290e-01,   8.23000000e+02, 
                 2.91195461e-01,   8.24000000e+02,   2.90956015e-01,   8.25000000e+02,   2.90716950e-01, 
                 8.26000000e+02,   2.90478266e-01,   8.27000000e+02,   2.90239961e-01,   8.28000000e+02, 
                 2.90002034e-01,   8.29000000e+02,   2.89764486e-01,   8.30000000e+02,   2.89527314e-01, 
                 8.31000000e+02,   2.89290518e-01,   8.32000000e+02,   2.89054097e-01,   8.33000000e+02, 
                 2.88818050e-01,   8.34000000e+02,   2.88582377e-01,   8.35000000e+02,   2.88347076e-01, 
                 8.36000000e+02,   2.88112146e-01,   8.37000000e+02,   2.87877587e-01,   8.38000000e+02, 
                 2.87643398e-01,   8.39000000e+02,   2.87409577e-01,   8.40000000e+02,   2.87176124e-01, 
                 8.41000000e+02,   2.86943038e-01,   8.42000000e+02,   2.86710319e-01,   8.43000000e+02, 
                 2.86477965e-01,   8.44000000e+02,   2.86245975e-01,   8.45000000e+02,   2.86014349e-01, 
                 8.46000000e+02,   2.85783086e-01,   8.47000000e+02,   2.85552184e-01,   8.48000000e+02, 
                 2.85321644e-01,   8.49000000e+02,   2.85091463e-01,   8.50000000e+02,   2.84861642e-01, 
                 8.51000000e+02,   2.84632180e-01,   8.52000000e+02,   2.84403075e-01,   8.53000000e+02, 
                 2.84174327e-01,   8.54000000e+02,   2.83945935e-01,   8.55000000e+02,   2.83717898e-01, 
                 8.56000000e+02,   2.83490215e-01,   8.57000000e+02,   2.83262886e-01,   8.58000000e+02, 
                 2.83035910e-01,   8.59000000e+02,   2.82809285e-01,   8.60000000e+02,   2.82583011e-01, 
                 8.61000000e+02,   2.82357088e-01,   8.62000000e+02,   2.82131513e-01,   8.63000000e+02, 
                 2.81906288e-01,   8.64000000e+02,   2.81681410e-01,   8.65000000e+02,   2.81456879e-01, 
                 8.66000000e+02,   2.81232694e-01,   8.67000000e+02,   2.81008855e-01,   8.68000000e+02, 
                 2.80785360e-01,   8.69000000e+02,   2.80562208e-01,   8.70000000e+02,   2.80339400e-01, 
                 8.71000000e+02,   2.80116934e-01,   8.72000000e+02,   2.79894809e-01,   8.73000000e+02, 
                 2.79673025e-01,   8.74000000e+02,   2.79451580e-01,   8.75000000e+02,   2.79230475e-01, 
                 8.76000000e+02,   2.79009707e-01,   8.77000000e+02,   2.78789277e-01,   8.78000000e+02, 
                 2.78569184e-01,   8.79000000e+02,   2.78349427e-01,   8.80000000e+02,   2.78130004e-01, 
                 8.81000000e+02,   2.77910917e-01,   8.82000000e+02,   2.77692162e-01,   8.83000000e+02, 
                 2.77473741e-01,   8.84000000e+02,   2.77255651e-01,   8.85000000e+02,   2.77037893e-01, 
                 8.86000000e+02,   2.76820465e-01,   8.87000000e+02,   2.76603368e-01,   8.88000000e+02, 
                 2.76386599e-01,   8.89000000e+02,   2.76170158e-01,   8.90000000e+02,   2.75954045e-01, 
                 8.91000000e+02,   2.75738259e-01,   8.92000000e+02,   2.75522799e-01,   8.93000000e+02, 
                 2.75307664e-01,   8.94000000e+02,   2.75092854e-01,   8.95000000e+02,   2.74878367e-01, 
                 8.96000000e+02,   2.74664204e-01,   8.97000000e+02,   2.74450363e-01,   8.98000000e+02, 
                 2.74236844e-01,   8.99000000e+02,   2.74023645e-01,   9.00000000e+02,   2.73810767e-01, 
                 9.01000000e+02,   2.73598208e-01,   9.02000000e+02,   2.73385968e-01,   9.03000000e+02, 
                 2.73174046e-01,   9.04000000e+02,   2.72962442e-01,   9.05000000e+02,   2.72751154e-01, 
                 9.06000000e+02,   2.72540181e-01,   9.07000000e+02,   2.72329524e-01,   9.08000000e+02, 
                 2.72119182e-01,   9.09000000e+02,   2.71909153e-01,   9.10000000e+02,   2.71699437e-01, 
                 9.11000000e+02,   2.71490034e-01,   9.12000000e+02,   2.71280942e-01,   9.13000000e+02, 
                 2.71072162e-01,   9.14000000e+02,   2.70863691e-01,   9.15000000e+02,   2.70655530e-01, 
                 9.16000000e+02,   2.70447679e-01,   9.17000000e+02,   2.70240135e-01,   9.18000000e+02, 
                 2.70032899e-01,   9.19000000e+02,   2.69825969e-01,   9.20000000e+02,   2.69619346e-01, 
                 9.21000000e+02,   2.69413028e-01,   9.22000000e+02,   2.69207016e-01,   9.23000000e+02, 
                 2.69001307e-01,   9.24000000e+02,   2.68795901e-01,   9.25000000e+02,   2.68590799e-01, 
                 9.26000000e+02,   2.68385998e-01,   9.27000000e+02,   2.68181499e-01,   9.28000000e+02, 
                 2.67977301e-01,   9.29000000e+02,   2.67773403e-01,   9.30000000e+02,   2.67569804e-01, 
                 9.31000000e+02,   2.67366505e-01,   9.32000000e+02,   2.67163503e-01,   9.33000000e+02, 
                 2.66960799e-01,   9.34000000e+02,   2.66758391e-01,   9.35000000e+02,   2.66556280e-01, 
                 9.36000000e+02,   2.66354464e-01,   9.37000000e+02,   2.66152944e-01,   9.38000000e+02, 
                 2.65951717e-01,   9.39000000e+02,   2.65750784e-01,   9.40000000e+02,   2.65550144e-01, 
                 9.41000000e+02,   2.65349796e-01,   9.42000000e+02,   2.65149740e-01,   9.43000000e+02, 
                 2.64949975e-01,   9.44000000e+02,   2.64750501e-01,   9.45000000e+02,   2.64551316e-01, 
                 9.46000000e+02,   2.64352420e-01,   9.47000000e+02,   2.64153813e-01,   9.48000000e+02, 
                 2.63955494e-01,   9.49000000e+02,   2.63757462e-01,   9.50000000e+02,   2.63559716e-01, 
                 9.51000000e+02,   2.63362257e-01,   9.52000000e+02,   2.63165083e-01,   9.53000000e+02, 
                 2.62968193e-01,   9.54000000e+02,   2.62771588e-01,   9.55000000e+02,   2.62575267e-01, 
                 9.56000000e+02,   2.62379228e-01,   9.57000000e+02,   2.62183472e-01,   9.58000000e+02, 
                 2.61987997e-01,   9.59000000e+02,   2.61792804e-01,   9.60000000e+02,   2.61597891e-01, 
                 9.61000000e+02,   2.61403258e-01,   9.62000000e+02,   2.61208904e-01,   9.63000000e+02, 
                 2.61014829e-01,   9.64000000e+02,   2.60821032e-01,   9.65000000e+02,   2.60627513e-01, 
                 9.66000000e+02,   2.60434270e-01,   9.67000000e+02,   2.60241304e-01,   9.68000000e+02, 
                 2.60048614e-01,   9.69000000e+02,   2.59856198e-01,   9.70000000e+02,   2.59664057e-01, 
                 9.71000000e+02,   2.59472191e-01,   9.72000000e+02,   2.59280597e-01,   9.73000000e+02, 
                 2.59089276e-01,   9.74000000e+02,   2.58898228e-01,   9.75000000e+02,   2.58707451e-01, 
                 9.76000000e+02,   2.58516945e-01,   9.77000000e+02,   2.58326710e-01,   9.78000000e+02, 
                 2.58136745e-01,   9.79000000e+02,   2.57947049e-01,   9.80000000e+02,   2.57757621e-01, 
                 9.81000000e+02,   2.57568462e-01,   9.82000000e+02,   2.57379571e-01,   9.83000000e+02, 
                 2.57190946e-01,   9.84000000e+02,   2.57002589e-01,   9.85000000e+02,   2.56814497e-01, 
                 9.86000000e+02,   2.56626670e-01,   9.87000000e+02,   2.56439108e-01,   9.88000000e+02, 
                 2.56251811e-01,   9.89000000e+02,   2.56064777e-01,   9.90000000e+02,   2.55878006e-01, 
                 9.91000000e+02,   2.55691498e-01,   9.92000000e+02,   2.55505252e-01,   9.93000000e+02, 
                 2.55319267e-01,   9.94000000e+02,   2.55133544e-01,   9.95000000e+02,   2.54948080e-01, 
                 9.96000000e+02,   2.54762877e-01,   9.97000000e+02,   2.54577933e-01,   9.98000000e+02, 
                 2.54393248e-01,   9.99000000e+02,   2.54208820e-01 ]
            </z_friction>
            <hessian shape='(3, 48)'>
             [  -1.08428410e-02,   1.00796208e-07,   4.02972510e-08,  -1.08401463e-02,   9.28468679e-08, 
                 3.59717644e-08,  -1.08347470e-02,   7.81576417e-08,   2.81268864e-08,  -1.08266407e-02, 
                 5.89885129e-08,   1.82493117e-08,  -1.08158654e-02,   3.83468505e-08,   8.27356179e-09, 
                -1.08025451e-02,   1.95729598e-08,   2.76289399e-10,  -1.07871701e-02,   5.91587407e-09, 
                -3.85006934e-09,  -1.07705448e-02,  -1.82444641e-10,  -2.73787140e-09,  -1.07532992e-02, 
                 2.38144468e-09,   4.20002544e-09,  -1.07360964e-02,   1.33707478e-08,   1.66739763e-08, 
                -1.07196312e-02,   3.12744513e-08,   3.35377633e-08,  -1.07045970e-02,   5.35531486e-08, 
                 5.29383504e-08,  -1.06916508e-02,   7.70293007e-08,   7.25730606e-08,  -1.06813757e-02, 
                 9.83584791e-08,   9.00149101e-08,  -1.06742452e-02,   1.14511607e-07,   1.03057467e-07, 
                -1.06705935e-02,   1.23201936e-07,   1.10028708e-07,   0.00000000e+00,   5.51152161e-01, 
                 0.00000000e+00,   0.00000000e+00,   5.51152161e-01,   0.00000000e+00,   0.00000000e+00, 
                 5.51152161e-01,   0.00000000e+00,   0.00000000e+00,   5.51152161e-01,   0.00000000e+00, 
                 0.00000000e+00,   5.51152161e-01,   0.00000000e+00,   0.00000000e+00,   5.51152161e-01, 
                 0.00000000e+00,   0.00000000e+00,   5.51152161e-01,   0.00000000e+00,   0.00000000e+00, 
                 5.51152161e-01,   0.00000000e+00,   0.00000000e+00,   5.51152161e-01,   0.00000000e+00, 
                 0.00000000e+00,   5.51152161e-01,   0.00000000e+00,   0.00000000e+00,   5.51152161e-01, 
                 0.00000000e+00,   0.00000000e+00,   5.51152161e-01,   0.00000000e+00,   0.00000000e+00, 
                 5.51152161e-01,   0.00000000e+00,   0.00000000e+00,   5.51152161e-01,   0.00000000e+00, 
                 0.00000000e+00,   5.51152161e-01,   0.00000000e+00,   0.00000000e+00,   5.51152161e-01, 
                 0.00000000e+00,   0.00000000e+00,  -1.05879118e-19,   5.51152161e-01,   0.00000000e+00, 
                -1.05879118e-19,   5.51152161e-01,   0.00000000e+00,   0.00000000e+00,   5.51152161e-01, 
                 0.00000000e+00,  -1.05879118e-19,   5.51152161e-01,   0.00000000e+00,   5.29395592e-20, 
                 5.51152161e-01,   0.00000000e+00,   5.29395592e-20,   5.51152161e-01,   0.00000000e+00, 
                 0.00000000e+00,   5.51152161e-01,   0.00000000e+00,   0.00000000e+00,   5.51152161e-01, 
                 0.00000000e+00,   0.00000000e+00,   5.51152161e-01,   0.00000000e+00,   0.00000000e+00, 
                 5.51152161e-01,   0.00000000e+00,   5.29395592e-20,   5.51152161e-01,   0.00000000e+00, 
                 5.29395592e-20,   5.51152161e-01,   0.00000000e+00,   0.00000000e+00,   5.51152161e-01, 
                 0.00000000e+00,   0.00000000e+00,   5.51152161e-01,   0.00000000e+00,  -1.05879118e-19, 
                 5.51152161e-01,   0.00000000e+00,   0.00000000e+00,   5.51152161e-01 ]
            </hessian>
            <fric_hessian shape='(16, 3, 3, 3)'>
             [   0.00000000e+00,   0.00000000e+00,   0.00000000e+00,   0.00000000e+00,   0.00000000e+00, 
                 0.00000000e+00,   0.00000000e+00,   0.00000000e+00,   0.00000000e+00,   0.00000000e+00, 
                 0.00000000e+00,   0.00000000e+00,   0.00000000e+00,   0.00000000e+00,   0.00000000e+00, 
                 0.00000000e+00,   0.00000000e+00,   0.00000000e+00,   0.00000000e+00,   0.00000000e+00, 
                 0.00000000e+00,   0.00000000e+00,   0.00000000e+00,   0.00000000e+00,   0.00000000e+00, 
                 0.00000000e+00,   0.00000000e+00,   0.00000000e+00,   0.00000000e+00,   0.00000000e+00, 
                 0.00000000e+00,   0.00000000e+00,   0.00000000e+00,   0.00000000e+00,   0.00000000e+00, 
                 0.00000000e+00,   0.00000000e+00,   0.00000000e+00,   0.00000000e+00,   0.00000000e+00, 
                 0.00000000e+00,   0.00000000e+00,   0.00000000e+00,   0.00000000e+00,   0.00000000e+00, 
                 0.00000000e+00,   0.00000000e+00,   0.00000000e+00,   0.00000000e+00,   0.00000000e+00, 
                 0.00000000e+00,   0.00000000e+00,   0.00000000e+00,   0.00000000e+00,   0.00000000e+00, 
                 0.00000000e+00,   0.00000000e+00,   0.00000000e+00,   0.00000000e+00,   0.00000000e+00, 
                 0.00000000e+00,   0.00000000e+00,   0.00000000e+00,   0.00000000e+00,   0.00000000e+00, 
                 0.00000000e+00,   0.00000000e+00,   0.00000000e+00,   0.00000000e+00,   0.00000000e+00, 
                 0.00000000e+00,   0.00000000e+00,   0.00000000e+00,   0.00000000e+00,   0.00000000e+00, 
                 0.00000000e+00,   0.00000000e+00,   0.00000000e+00,   0.00000000e+00,   0.00000000e+00, 
                 0.00000000e+00,   0.00000000e+00,   0.00000000e+00,   0.00000000e+00,   0.00000000e+00, 
                 0.00000000e+00,   0.00000000e+00,   0.00000000e+00,   0.00000000e+00,   0.00000000e+00, 
                 0.00000000e+00,   0.00000000e+00,   0.00000000e+00,   0.00000000e+00,   0.00000000e+00, 
                 0.00000000e+00,   0.00000000e+00,   0.00000000e+00,   0.00000000e+00,   0.00000000e+00, 
                 0.00000000e+00,   0.00000000e+00,   0.00000000e+00,   0.00000000e+00,   0.00000000e+00, 
                 0.00000000e+00,   0.00000000e+00,   0.00000000e+00,   0.00000000e+00,   0.00000000e+00, 
                 0.00000000e+00,   0.00000000e+00,   0.00000000e+00,   0.00000000e+00,   0.00000000e+00, 
                 0.00000000e+00,   0.00000000e+00,   0.00000000e+00,   0.00000000e+00,   0.00000000e+00, 
                 0.00000000e+00,   0.00000000e+00,   0.00000000e+00,   0.00000000e+00,   0.00000000e+00, 
                 0.00000000e+00,   0.00000000e+00,   0.00000000e+00,   0.00000000e+00,   0.00000000e+00, 
                 0.00000000e+00,   0.00000000e+00,   0.00000000e+00,   0.00000000e+00,   0.00000000e+00, 
                 0.00000000e+00,   0.00000000e+00,   0.00000000e+00,   0.00000000e+00,   0.00000000e+00, 
                 0.00000000e+00,   0.00000000e+00,   0.00000000e+00,   0.00000000e+00,   0.00000000e+00, 
                 0.00000000e+00,   0.00000000e+00,   0.00000000e+00,   0.00000000e+00,   0.00000000e+00, 
                 0.00000000e+00,   0.00000000e+00,   0.00000000e+00,   0.00000000e+00,   0.00000000e+00, 
                 0.00000000e+00,   0.00000000e+00,   0.00000000e+00,   0.00000000e+00,   0.00000000e+00, 
                 0.00000000e+00,   0.00000000e+00,   0.00000000e+00,   0.00000000e+00,   0.00000000e+00, 
                 0.00000000e+00,   0.00000000e+00,   0.00000000e+00,   0.00000000e+00,   0.00000000e+00, 
                 0.00000000e+00,   0.00000000e+00,   0.00000000e+00,   0.00000000e+00,   0.00000000e+00, 
                 0.00000000e+00,   0.00000000e+00,   0.00000000e+00,   0.00000000e+00,   0.00000000e+00, 
                 0.00000000e+00,   0.00000000e+00,   0.00000000e+00,   0.00000000e+00,   0.00000000e+00, 
                 0.00000000e+00,   0.00000000e+00,   0.00000000e+00,   0.00000000e+00,   0.00000000e+00, 
                 0.00000000e+00,   0.00000000e+00,   0.00000000e+00,   0.00000000e+00,   0.00000000e+00, 
                 0.00000000e+00,   0.00000000e+00,   0.00000000e+00,   0.00000000e+00,   0.00000000e+00, 
                 0.00000000e+00,   0.00000000e+00,   0.00000000e+00,   0.00000000e+00,   0.00000000e+00, 
                 0.00000000e+00,   0.00000000e+00,   0.00000000e+00,   0.00000000e+00,   0.00000000e+00, 
                 0.00000000e+00,   0.00000000e+00,   0.00000000e+00,   0.00000000e+00,   0.00000000e+00, 
                 0.00000000e+00,   0.00000000e+00,   0.00000000e+00,   0.00000000e+00,   0.00000000e+00, 
                 0.00000000e+00,   0.00000000e+00,   0.00000000e+00,   0.00000000e+00,   0.00000000e+00, 
                 0.00000000e+00,   0.00000000e+00,   0.00000000e+00,   0.00000000e+00,   0.00000000e+00, 
                 0.00000000e+00,   0.00000000e+00,   0.00000000e+00,   0.00000000e+00,   0.00000000e+00, 
                 0.00000000e+00,   0.00000000e+00,   0.00000000e+00,   0.00000000e+00,   0.00000000e+00, 
                 0.00000000e+00,   0.00000000e+00,   0.00000000e+00,   0.00000000e+00,   0.00000000e+00, 
                 0.00000000e+00,   0.00000000e+00,   0.00000000e+00,   0.00000000e+00,   0.00000000e+00, 
                 0.00000000e+00,   0.00000000e+00,   0.00000000e+00,   0.00000000e+00,   0.00000000e+00, 
                 0.00000000e+00,   0.00000000e+00,   0.00000000e+00,   0.00000000e+00,   0.00000000e+00, 
                 0.00000000e+00,   0.00000000e+00,   0.00000000e+00,   0.00000000e+00,   0.00000000e+00, 
                 0.00000000e+00,   0.00000000e+00,   0.00000000e+00,   0.00000000e+00,   0.00000000e+00, 
                 0.00000000e+00,   0.00000000e+00,   0.00000000e+00,   0.00000000e+00,   0.00000000e+00, 
                 0.00000000e+00,   0.00000000e+00,   0.00000000e+00,   0.00000000e+00,   0.00000000e+00, 
                 0.00000000e+00,   0.00000000e+00,   0.00000000e+00,   0.00000000e+00,   0.00000000e+00, 
                 0.00000000e+00,   0.00000000e+00,   0.00000000e+00,   0.00000000e+00,   0.00000000e+00, 
                 0.00000000e+00,   0.00000000e+00,   0.00000000e+00,   0.00000000e+00,   0.00000000e+00, 
                 0.00000000e+00,   0.00000000e+00,   0.00000000e+00,   0.00000000e+00,   0.00000000e+00, 
                 0.00000000e+00,   0.00000000e+00,   0.00000000e+00,   0.00000000e+00,   0.00000000e+00, 
                 0.00000000e+00,   0.00000000e+00,   0.00000000e+00,   0.00000000e+00,   0.00000000e+00, 
                 0.00000000e+00,   0.00000000e+00,   0.00000000e+00,   0.00000000e+00,   0.00000000e+00, 
                 0.00000000e+00,   0.00000000e+00,   0.00000000e+00,   0.00000000e+00,   0.00000000e+00, 
                 0.00000000e+00,   0.00000000e+00,   0.00000000e+00,   0.00000000e+00,   0.00000000e+00, 
                 0.00000000e+00,   0.00000000e+00,   0.00000000e+00,   0.00000000e+00,   0.00000000e+00, 
                 0.00000000e+00,   0.00000000e+00,   0.00000000e+00,   0.00000000e+00,   0.00000000e+00, 
                 0.00000000e+00,   0.00000000e+00,   0.00000000e+00,   0.00000000e+00,   0.00000000e+00, 
                 0.00000000e+00,   0.00000000e+00,   0.00000000e+00,   0.00000000e+00,   0.00000000e+00, 
                 0.00000000e+00,   0.00000000e+00,   0.00000000e+00,   0.00000000e+00,   0.00000000e+00, 
                 0.00000000e+00,   0.00000000e+00,   0.00000000e+00,   0.00000000e+00,   0.00000000e+00, 
                 0.00000000e+00,   0.00000000e+00,   0.00000000e+00,   0.00000000e+00,   0.00000000e+00, 
                 0.00000000e+00,   0.00000000e+00,   0.00000000e+00,   0.00000000e+00,   0.00000000e+00, 
                 0.00000000e+00,   0.00000000e+00,   0.00000000e+00,   0.00000000e+00,   0.00000000e+00, 
                 0.00000000e+00,   0.00000000e+00,   0.00000000e+00,   0.00000000e+00,   0.00000000e+00, 
                 0.00000000e+00,   0.00000000e+00,   0.00000000e+00,   0.00000000e+00,   0.00000000e+00, 
                 0.00000000e+00,   0.00000000e+00,   0.00000000e+00,   0.00000000e+00,   0.00000000e+00, 
                 0.00000000e+00,   0.00000000e+00,   0.00000000e+00,   0.00000000e+00,   0.00000000e+00, 
                 0.00000000e+00,   0.00000000e+00,   0.00000000e+00,   0.00000000e+00,   0.00000000e+00, 
                 0.00000000e+00,   0.00000000e+00,   0.00000000e+00,   0.00000000e+00,   0.00000000e+00, 
                 0.00000000e+00,   0.00000000e+00,   0.00000000e+00,   0.00000000e+00,   0.00000000e+00, 
                 0.00000000e+00,   0.00000000e+00,   0.00000000e+00,   0.00000000e+00,   0.00000000e+00, 
                 0.00000000e+00,   0.00000000e+00,   0.00000000e+00,   0.00000000e+00,   0.00000000e+00, 
                 0.00000000e+00,   0.00000000e+00,   0.00000000e+00,   0.00000000e+00,   0.00000000e+00, 
                 0.00000000e+00,   0.00000000e+00,   0.00000000e+00,   0.00000000e+00,   0.00000000e+00, 
                 0.00000000e+00,   0.00000000e+00,   0.00000000e+00,   0.00000000e+00,   0.00000000e+00, 
                 0.00000000e+00,   0.00000000e+00 ]
            </fric_hessian>
            <hessian_final> True</hessian_final>
         </instanton>
      </motion>
      <beads natoms='1' nbeads='16'>
         <q shape='(16, 3)'>
          [   2.54046169e+00,  -2.55497842e-06,  -2.53992720e-06,   2.54088920e+00,  -2.45343914e-06, 
             -2.43826559e-06,   2.54172768e+00,  -2.25468129e-06,  -2.23977738e-06,   2.54294465e+00, 
             -1.96738953e-06,  -1.95418367e-06,   2.54449304e+00,  -1.60482940e-06,  -1.59492881e-06, 
              2.54631299e+00,  -1.18497731e-06,  -1.17845531e-06,   2.54833424e+00,  -7.27018109e-07, 
             -7.22695041e-07,   2.55047886e+00,  -2.44842391e-07,  -2.43380754e-07,   2.55266429e+00, 
              2.45853915e-07,   2.44326075e-07,   2.55480653e+00,   7.29310194e-07,   7.24876546e-07, 
              2.55682339e+00,   1.18850673e-06,   1.18134476e-06,   2.55863762e+00,   1.60584185e-06, 
              1.59603831e-06,   2.56017981e+00,   1.96401954e-06,   1.95183297e-06,   2.56139106e+00, 
              2.24749833e-06,   2.23336370e-06,   2.56222516e+00,   2.44369387e-06,   2.42824331e-06, 
              2.56265031e+00,   2.54395008e-06,   2.52785780e-06 ]
         </q>
         <p shape='(16, 3)'>
          [   0.00000000e+00,   0.00000000e+00,   0.00000000e+00,   0.00000000e+00,   0.00000000e+00, 
              0.00000000e+00,   0.00000000e+00,   0.00000000e+00,   0.00000000e+00,   0.00000000e+00, 
              0.00000000e+00,   0.00000000e+00,   0.00000000e+00,   0.00000000e+00,   0.00000000e+00, 
              0.00000000e+00,   0.00000000e+00,   0.00000000e+00,   0.00000000e+00,   0.00000000e+00, 
              0.00000000e+00,   0.00000000e+00,   0.00000000e+00,   0.00000000e+00,   0.00000000e+00, 
              0.00000000e+00,   0.00000000e+00,   0.00000000e+00,   0.00000000e+00,   0.00000000e+00, 
              0.00000000e+00,   0.00000000e+00,   0.00000000e+00,   0.00000000e+00,   0.00000000e+00, 
              0.00000000e+00,   0.00000000e+00,   0.00000000e+00,   0.00000000e+00,   0.00000000e+00, 
              0.00000000e+00,   0.00000000e+00,   0.00000000e+00,   0.00000000e+00,   0.00000000e+00, 
              0.00000000e+00,   0.00000000e+00,   0.00000000e+00 ]
         </p>
         <m shape='(1)'> [   1.83736223e+03 ] </m>
         <names shape='(1)'> [ H ] </names>
      </beads>
      <cell shape='(3, 3)'>
       [   7.44721588e+00,   4.56010455e-16,   4.56010455e-16,   0.00000000e+00,   7.44721588e+00, 
           4.56010455e-16,   0.00000000e+00,   0.00000000e+00,   7.44721588e+00 ]
      </cell>
   </system>
</simulation>
