0
1 0 20 1  Ohmic 
   -1.11505967 
   -1.05557923 
   -0.89811158 
   -0.64895768 
   -0.32610101 
    0.03681630 
    0.39509629 
    0.70541316 
    0.93721165 
    1.07534392 
    1.11501590 
    1.05553244 
    0.89805463 
    0.64888873 
    0.32602300 
   -0.03689752 
   -0.39517283 
   -0.70547988 
   -0.93726616 
   -1.07538956 
1
1 0 20 1  Ohmic 
   -1.12869824 
   -1.07038607 
   -0.91455382 
   -0.66432115 
   -0.33523551 
    0.03796119 
    0.40599905 
    0.72145056 
    0.95350688 
    1.08986061 
    1.12871563 
    1.07040407 
    0.91457322 
    0.66434230 
    0.33525808 
   -0.03793815 
   -0.40597670 
   -0.72142975 
   -0.95348781 
   -1.08984282 
2
1 0 20 1  Ohmic 
   -1.13252725 
   -1.07412260 
   -0.91796184 
   -0.66699696 
   -0.33667583 
    0.03811019 
    0.40769417 
    0.72428481 
    0.95698209 
    1.09360659 
    1.13252183 
    1.07411693 
    0.91795558 
    0.66698992 
    0.33666815 
   -0.03811809 
   -0.40770175 
   -0.72429169 
   -0.95698822 
   -1.09361218 
3
1 0 20 1  Ohmic 
   -1.13338191 
   -1.07494722 
   -0.91869481 
   -0.66755433 
   -0.33696531 
    0.03814921 
    0.40805386 
    0.72489404 
    0.95774756 
    1.09444897 
    1.13338373 
    1.07494912 
    0.91869689 
    0.66755667 
    0.33696785 
   -0.03814659 
   -0.40805135 
   -0.72489175 
   -0.95774552 
   -1.09444710 
