-1.398161722380152627e-01
-1.281993152102874067e-01
-9.792091653008015706e-02
-5.459369961843887897e-02
-1.452472249810738553e-02
-1.888078553275668401e-04
-2.115560976304654145e-02
-6.369120710141017161e-02
-1.053274545158167513e-01
-1.320671945166150274e-01
-1.398160522335132883e-01
-1.281991905887960026e-01
-9.792078596817757608e-02
-5.459357973374123069e-02
-1.452465029525638537e-02
-1.888165032276877540e-04
-2.115569485424280763e-02
-6.369133157822942648e-02
-1.053275844937538730e-01
-1.320673177366480100e-01
