1.735523059576731919e+00
1.295687612727631555e+00
9.810877681085896640e-01
8.429586714130518077e-01
7.672064080754096294e-01
7.227762845108062217e-01
6.974691270268309484e-01
6.855177993315703100e-01
6.840181480685252335e-01
6.914862919516697737e-01
7.073558334353322596e-01
7.317130909018122464e-01
7.653101176847106890e-01
8.096891840730268131e-01
8.676204297795920839e-01
9.440258551082528760e-01
1.048085248025480309e+00
1.198835328994098504e+00
1.443535956484142346e+00
1.949131245478177288e+00
2.597456138065845188e+00
