<simulation verbosity='medium' mode='static'>
   <output prefix='inst'>
      <properties shape='(2)'> [ step, potential{electronvolt} ] </properties>
   </output>
   <step>13</step>
   <total_steps>30</total_steps>
   <ffsocket mode='unix' name='aims'>
   </ffsocket>
   <system>
      <forces>
         <force forcefield='aims'>
         </force>
      </forces>
      <ensemble>
         <temperature>  1.90008912e-04</temperature>
         <hamiltonian_weights shape='(1)'> [   1.00000000e+00 ] </hamiltonian_weights>
      </ensemble>
      <motion mode='instanton'>
         <instanton>
            <tolerances>
               <energy>  1.00000000e-03</energy>
               <force>  2.00000000e-04</force>
            </tolerances>
            <biggest_step>  1.00000000e-01</biggest_step>
            <old_pot shape='(64)'>
             [   1.52256720e-03,   1.52268542e-03,   1.52293023e-03,   1.52331896e-03,   1.52387900e-03, 
                 1.52464951e-03,   1.52568398e-03,   1.52705357e-03,   1.52885149e-03,   1.53119871e-03, 
                 1.53425120e-03,   1.53820897e-03,   1.54332745e-03,   1.54993143e-03,   1.55843219e-03, 
                 1.56934802e-03,   1.58332877e-03,   1.60118429e-03,   1.62391688e-03,   1.65275689e-03, 
                 1.68919994e-03,   1.73504302e-03,   1.79241455e-03,   1.86379141e-03,   1.95199218e-03, 
                 2.06013228e-03,   2.19152155e-03,   2.34948106e-03,   2.53705233e-03,   2.75657290e-03, 
                 3.00909908e-03,   3.29367501e-03,   3.60625489e-03,   3.93773549e-03,   4.27354625e-03, 
                 4.59357104e-03,   4.87414452e-03,   5.10037162e-03,   5.26315169e-03,   5.35451351e-03, 
                 5.36798774e-03,   5.30515468e-03,   5.18087393e-03,   5.01208619e-03,   4.80667438e-03, 
                 4.56612240e-03,   4.29436737e-03,   4.00433381e-03,   3.71080420e-03,   3.42522528e-03, 
                 3.15579863e-03,   2.90710471e-03,   2.68132833e-03,   2.47940514e-03,   2.30133650e-03, 
                 2.14645873e-03,   2.01366321e-03,   1.90144267e-03,   1.80821862e-03,   1.73262306e-03, 
                 1.67351407e-03,   1.62997883e-03,   1.60133407e-03,   1.58712517e-03 ]
            </old_pot>
            <old_force shape='(64, 3)'>
             [  -2.13437291e-04,  -1.70577631e-19,   6.06271585e-19,  -2.16987992e-04,   7.87229546e-20, 
                 2.89359302e-19,  -2.24142320e-04,  -3.66086552e-20,   5.98871333e-20,  -2.35006485e-04, 
                -8.96834346e-20,  -1.84211791e-20,  -2.49740673e-04,  -2.29736508e-19,  -3.05350296e-19, 
                -2.68560001e-04,  -4.91468908e-19,  -4.86174340e-19,  -2.91735639e-04,  -3.11592161e-19, 
                -3.30100319e-19,  -3.19595949e-04,  -1.97233829e-19,  -1.65439430e-19,  -3.52527429e-04, 
                -9.83494451e-20,  -1.64554222e-19,  -3.90975181e-04,  -6.61421875e-20,  -3.37654475e-20, 
                -4.35442511e-04,  -6.64537826e-20,   6.47995202e-20,  -4.86489151e-04,   1.60811506e-20, 
                 2.51332780e-19,  -5.44727431e-04,  -5.77516252e-20,   1.48759351e-19,  -6.10815507e-04, 
                 6.42678112e-21,   9.57592509e-21,  -6.85446509e-04,  -1.31459848e-19,  -3.51287341e-19, 
                -7.69332124e-04,  -1.87478298e-19,  -2.66980784e-19,  -8.63178768e-04,  -1.31292977e-19, 
                -2.93731553e-19,  -9.67653978e-04,   1.15299762e-20,  -1.72570698e-19,  -1.08334012e-03, 
                -1.97864347e-21,   3.07200274e-20,  -1.21067187e-03,  -1.32216466e-19,   5.60802786e-20, 
                -1.34985321e-03,  -2.38390128e-19,  -2.99436676e-20,  -1.50074904e-03,  -1.22081864e-19, 
                -1.71458943e-21,  -1.66274584e-03,  -7.09982051e-20,  -5.79473987e-21,  -1.83457564e-03, 
                -5.02637871e-20,   1.91694974e-21,  -2.01409773e-03,  -2.71744661e-20,  -9.60643548e-22, 
                -2.19803373e-03,  -1.42422932e-21,   1.04678372e-20,  -2.38165474e-03,   1.21815240e-21, 
                 5.45670496e-21,  -2.55842459e-03,   1.99736338e-20,   1.12835564e-20,  -2.71961216e-03, 
                -2.45022652e-21,   3.93950869e-21,  -2.85390023e-03,   1.14998741e-20,   1.58389026e-21, 
                -2.94703878e-03,  -4.45746460e-21,  -5.25383913e-21,  -2.98161892e-03,  -4.09091164e-21, 
                -2.92321870e-21,  -2.93907123e-03,  -5.27510312e-23,   3.04498267e-21,  -2.80972632e-03, 
                -1.98899146e-20,  -2.61236673e-21,  -2.59148181e-03,   3.34679419e-21,   4.12826901e-21, 
                -2.28923378e-03,  -1.69605097e-20,   1.18238279e-21,  -1.91457146e-03,   4.09268719e-21, 
                 5.50249023e-21,  -1.47689125e-03,  -5.49945712e-21,   2.55152535e-21,  -9.86477095e-04, 
                -2.96308545e-21,  -8.19942104e-21,  -4.62601649e-04,   2.13529661e-20,  -3.70546584e-21, 
                 6.64580154e-05,  -6.69150933e-21,  -9.44013190e-21,   5.76051562e-04,   2.45152488e-20, 
                 7.03827879e-21,   1.05315514e-03,  -1.63317756e-20,  -2.91631869e-21,   1.48750084e-03, 
                 7.89054108e-21,   5.25953928e-21,   1.86581711e-03,  -1.01974911e-20,   2.04403444e-21, 
                 2.17454475e-03,  -8.73724795e-21,  -1.24264401e-21,   2.40638442e-03,   1.00863013e-20, 
                 1.06661591e-20,   2.56828152e-03,  -2.29080297e-20,  -1.43979877e-20,   2.67280351e-03, 
                 3.22884062e-20,   1.02627370e-20,   2.73153608e-03,  -2.97893807e-20,  -1.98107526e-20, 
                 2.75472265e-03,   3.58826849e-20,   2.12385986e-20,   2.75084135e-03,  -3.27701674e-20, 
                -1.74397334e-20,   2.72695497e-03,   2.82355269e-20,   2.04973663e-20,   2.68909369e-03, 
                -2.88220081e-20,  -1.76532065e-20,   2.64233152e-03,   2.09702896e-20,   1.46048521e-20, 
                 2.59087975e-03,  -1.50386257e-20,  -1.19729461e-20,   2.53819672e-03,   1.20417583e-20, 
                 9.72401358e-21,   2.48718989e-03,  -8.02469731e-21,  -9.70236653e-21,   2.44019193e-03, 
                 5.56859120e-21,   4.94244574e-21,   2.39893512e-03,  -3.13122347e-21,  -2.30305139e-21, 
                 2.36467732e-03,   1.08433355e-21,   4.64181643e-21,   2.33830678e-03,  -3.18702951e-21, 
                -1.25426281e-21,   2.32042267e-03,  -6.06611391e-22,  -3.65539553e-22,   2.31139318e-03, 
                 2.33856944e-21,  -8.26903829e-22 ]
            </old_force>
            <opt>nichols</opt>
            <discretization shape='(65)'>
             [   1.00000000e+00,   1.00000000e+00,   1.00000000e+00,   1.00000000e+00,   1.00000000e+00, 
                 1.00000000e+00,   1.00000000e+00,   1.00000000e+00,   1.00000000e+00,   1.00000000e+00, 
                 1.00000000e+00,   1.00000000e+00,   1.00000000e+00,   1.00000000e+00,   1.00000000e+00, 
                 1.00000000e+00,   1.00000000e+00,   1.00000000e+00,   1.00000000e+00,   1.00000000e+00, 
                 1.00000000e+00,   1.00000000e+00,   1.00000000e+00,   1.00000000e+00,   1.00000000e+00, 
                 1.00000000e+00,   1.00000000e+00,   1.00000000e+00,   1.00000000e+00,   1.00000000e+00, 
                 1.00000000e+00,   1.00000000e+00,   1.00000000e+00,   1.00000000e+00,   1.00000000e+00, 
                 1.00000000e+00,   1.00000000e+00,   1.00000000e+00,   1.00000000e+00,   1.00000000e+00, 
                 1.00000000e+00,   1.00000000e+00,   1.00000000e+00,   1.00000000e+00,   1.00000000e+00, 
                 1.00000000e+00,   1.00000000e+00,   1.00000000e+00,   1.00000000e+00,   1.00000000e+00, 
                 1.00000000e+00,   1.00000000e+00,   1.00000000e+00,   1.00000000e+00,   1.00000000e+00, 
                 1.00000000e+00,   1.00000000e+00,   1.00000000e+00,   1.00000000e+00,   1.00000000e+00, 
                 1.00000000e+00,   1.00000000e+00,   1.00000000e+00,   1.00000000e+00,   1.00000000e+00 ]
            </discretization>
            <hessian shape='(3, 192)'>
             [   1.80810675e-02,   0.00000000e+00,   0.00000000e+00,   1.80707858e-02,   0.00000000e+00, 
                 0.00000000e+00,   1.80500435e-02,   0.00000000e+00,   0.00000000e+00,   1.80184794e-02, 
                 0.00000000e+00,   0.00000000e+00,   1.79755436e-02,   0.00000000e+00,   0.00000000e+00, 
                 1.79204879e-02,   0.00000000e+00,   0.00000000e+00,   1.78523516e-02,   0.00000000e+00, 
                 0.00000000e+00,   1.77699453e-02,   0.00000000e+00,   0.00000000e+00,   1.76718282e-02, 
                 0.00000000e+00,   0.00000000e+00,   1.75562830e-02,   0.00000000e+00,   0.00000000e+00, 
                 1.74212844e-02,   0.00000000e+00,   0.00000000e+00,   1.72644625e-02,   0.00000000e+00, 
                 0.00000000e+00,   1.70830596e-02,   0.00000000e+00,   0.00000000e+00,   1.68738805e-02, 
                 0.00000000e+00,   0.00000000e+00,   1.66332348e-02,   0.00000000e+00,   0.00000000e+00, 
                 1.63568704e-02,   0.00000000e+00,   0.00000000e+00,   1.60398981e-02,   0.00000000e+00, 
                 0.00000000e+00,   1.56767056e-02,   0.00000000e+00,   0.00000000e+00,   1.52608612e-02, 
                 0.00000000e+00,   0.00000000e+00,   1.47850068e-02,   0.00000000e+00,   0.00000000e+00, 
                 1.42407405e-02,   0.00000000e+00,   0.00000000e+00,   1.36184913e-02,   0.00000000e+00, 
                 0.00000000e+00,   1.29073882e-02,   0.00000000e+00,   0.00000000e+00,   1.20951310e-02, 
                 0.00000000e+00,   0.00000000e+00,   1.11678717e-02,   0.00000000e+00,   0.00000000e+00, 
                 1.01101212e-02,   0.00000000e+00,   0.00000000e+00,   8.90470512e-03,   0.00000000e+00, 
                 0.00000000e+00,   7.53279817e-03,   0.00000000e+00,   0.00000000e+00,   5.97408355e-03, 
                 0.00000000e+00,   0.00000000e+00,   4.20709454e-03,   0.00000000e+00,   0.00000000e+00, 
                 2.20981495e-03,   0.00000000e+00,   0.00000000e+00,  -3.93694185e-05,   0.00000000e+00, 
                 0.00000000e+00,  -2.37611224e-03,   0.00000000e+00,   0.00000000e+00,  -4.52252479e-03, 
                 0.00000000e+00,   0.00000000e+00,  -6.38799128e-03,   0.00000000e+00,   0.00000000e+00, 
                -7.87971916e-03,   0.00000000e+00,   0.00000000e+00,  -9.02101367e-03,   0.00000000e+00, 
                 0.00000000e+00,  -9.97227014e-03,   0.00000000e+00,   0.00000000e+00,  -1.06817925e-02, 
                 0.00000000e+00,   0.00000000e+00,  -1.09437948e-02,   0.00000000e+00,   0.00000000e+00, 
                -1.07106928e-02,   0.00000000e+00,   0.00000000e+00,  -1.02216120e-02,   0.00000000e+00, 
                 0.00000000e+00,  -9.59048387e-03,   0.00000000e+00,   0.00000000e+00,  -8.79186846e-03, 
                 0.00000000e+00,   0.00000000e+00,  -7.68096592e-03,   0.00000000e+00,   0.00000000e+00, 
                -6.28048728e-03,   0.00000000e+00,   0.00000000e+00,  -4.75182024e-03,   0.00000000e+00, 
                 0.00000000e+00,  -3.39119240e-03,   0.00000000e+00,   0.00000000e+00,  -2.20045228e-03, 
                 0.00000000e+00,   0.00000000e+00,  -1.16598512e-03,   0.00000000e+00,   0.00000000e+00, 
                -2.68370833e-04,   0.00000000e+00,   0.00000000e+00,   5.21465381e-04,   0.00000000e+00, 
                 0.00000000e+00,   1.21401114e-03,   0.00000000e+00,   0.00000000e+00,   1.81788565e-03, 
                 0.00000000e+00,   0.00000000e+00,   2.34117920e-03,   0.00000000e+00,   0.00000000e+00, 
                 2.79132140e-03,   0.00000000e+00,   0.00000000e+00,   3.17264015e-03,   0.00000000e+00, 
                 0.00000000e+00,   3.48148896e-03,   0.00000000e+00,   0.00000000e+00,   3.72684914e-03, 
                 0.00000000e+00,   0.00000000e+00,   3.91787688e-03,   0.00000000e+00,   0.00000000e+00, 
                 4.06202700e-03,   0.00000000e+00,   0.00000000e+00,   4.16514097e-03,   0.00000000e+00, 
                 0.00000000e+00,   4.23152531e-03,   0.00000000e+00,   0.00000000e+00,   4.26401446e-03, 
                 0.00000000e+00,   0.00000000e+00,   0.00000000e+00,   5.51152161e-01,   0.00000000e+00, 
                 0.00000000e+00,   5.51152161e-01,   0.00000000e+00,   0.00000000e+00,   5.51152161e-01, 
                 0.00000000e+00,   0.00000000e+00,   5.51152161e-01,   0.00000000e+00,   0.00000000e+00, 
                 5.51152161e-01,   0.00000000e+00,   0.00000000e+00,   5.51152161e-01,   0.00000000e+00, 
                 0.00000000e+00,   5.51152161e-01,   0.00000000e+00,   0.00000000e+00,   5.51152161e-01, 
                 0.00000000e+00,   0.00000000e+00,   5.51152161e-01,   0.00000000e+00,   0.00000000e+00, 
                 5.51152161e-01,   0.00000000e+00,   0.00000000e+00,   5.51152161e-01,   0.00000000e+00, 
                 0.00000000e+00,   5.51152161e-01,   0.00000000e+00,   0.00000000e+00,   5.51152161e-01, 
                 0.00000000e+00,   0.00000000e+00,   5.51152161e-01,   0.00000000e+00,   0.00000000e+00, 
                 5.51152161e-01,   0.00000000e+00,   0.00000000e+00,   5.51152161e-01,   0.00000000e+00, 
                 0.00000000e+00,   5.51152161e-01,   0.00000000e+00,   0.00000000e+00,   5.51152161e-01, 
                 0.00000000e+00,   0.00000000e+00,   5.51152161e-01,   0.00000000e+00,   0.00000000e+00, 
                 5.51152161e-01,   0.00000000e+00,   0.00000000e+00,   5.51152161e-01,   0.00000000e+00, 
                 0.00000000e+00,   5.51152161e-01,   0.00000000e+00,   0.00000000e+00,   5.51152161e-01, 
                 0.00000000e+00,   0.00000000e+00,   5.51152161e-01,   0.00000000e+00,   0.00000000e+00, 
                 5.51152161e-01,   0.00000000e+00,   0.00000000e+00,   5.51152161e-01,   0.00000000e+00, 
                 0.00000000e+00,   5.51152161e-01,   0.00000000e+00,   0.00000000e+00,   5.51152161e-01, 
                 0.00000000e+00,   0.00000000e+00,   5.51152161e-01,   0.00000000e+00,   0.00000000e+00, 
                 5.51152161e-01,   0.00000000e+00,   0.00000000e+00,   5.51152161e-01,   0.00000000e+00, 
                 0.00000000e+00,   5.51152161e-01,   0.00000000e+00,   0.00000000e+00,   5.51152161e-01, 
                 0.00000000e+00,   0.00000000e+00,   5.51152161e-01,   0.00000000e+00,   0.00000000e+00, 
                 5.51152161e-01,   0.00000000e+00,   0.00000000e+00,   5.51152161e-01,   0.00000000e+00, 
                 0.00000000e+00,   5.51152161e-01,   0.00000000e+00,   0.00000000e+00,   5.51152161e-01, 
                 0.00000000e+00,   0.00000000e+00,   5.51152161e-01,   0.00000000e+00,   0.00000000e+00, 
                 5.51152161e-01,   0.00000000e+00,   0.00000000e+00,   5.51152161e-01,   0.00000000e+00, 
                 0.00000000e+00,   5.51152161e-01,   0.00000000e+00,   0.00000000e+00,   5.51152161e-01, 
                 0.00000000e+00,   0.00000000e+00,   5.51152161e-01,   0.00000000e+00,   0.00000000e+00, 
                 5.51152161e-01,   0.00000000e+00,   0.00000000e+00,   5.51152161e-01,   0.00000000e+00, 
                 0.00000000e+00,   5.51152161e-01,   0.00000000e+00,   0.00000000e+00,   5.51152161e-01, 
                 0.00000000e+00,   0.00000000e+00,   5.51152161e-01,   0.00000000e+00,   0.00000000e+00, 
                 5.51152161e-01,   0.00000000e+00,   0.00000000e+00,   5.51152161e-01,   0.00000000e+00, 
                 0.00000000e+00,   5.51152161e-01,   0.00000000e+00,   0.00000000e+00,   5.51152161e-01, 
                 0.00000000e+00,   0.00000000e+00,   5.51152161e-01,   0.00000000e+00,   0.00000000e+00, 
                 5.51152161e-01,   0.00000000e+00,   0.00000000e+00,   5.51152161e-01,   0.00000000e+00, 
                 0.00000000e+00,   5.51152161e-01,   0.00000000e+00,   0.00000000e+00,   5.51152161e-01, 
                 0.00000000e+00,   0.00000000e+00,   5.51152161e-01,   0.00000000e+00,   0.00000000e+00, 
                 5.51152161e-01,   0.00000000e+00,   0.00000000e+00,   5.51152161e-01,   0.00000000e+00, 
                 0.00000000e+00,   5.51152161e-01,   0.00000000e+00,   0.00000000e+00,   5.51152161e-01, 
                 0.00000000e+00,   0.00000000e+00,   5.51152161e-01,   0.00000000e+00,   0.00000000e+00, 
                -1.20370622e-32,   5.51152161e-01,   0.00000000e+00,  -1.20370622e-32,   5.51152161e-01, 
                 0.00000000e+00,  -6.01853108e-33,   5.51152161e-01,   0.00000000e+00,   0.00000000e+00, 
                 5.51152161e-01,   0.00000000e+00,   0.00000000e+00,   5.51152161e-01,   0.00000000e+00, 
                -4.81482486e-32,   5.51152161e-01,   0.00000000e+00,   2.40741243e-32,   5.51152161e-01, 
                 0.00000000e+00,   0.00000000e+00,   5.51152161e-01,   0.00000000e+00,  -1.80555932e-32, 
                 5.51152161e-01,   0.00000000e+00,  -6.01853108e-33,   5.51152161e-01,   0.00000000e+00, 
                -1.20370622e-32,   5.51152161e-01,   0.00000000e+00,  -7.52316385e-33,   5.51152161e-01, 
                 0.00000000e+00,  -1.20370622e-32,   5.51152161e-01,   0.00000000e+00,  -6.39468927e-33, 
                 5.51152161e-01,   0.00000000e+00,  -1.20370622e-32,   5.51152161e-01,   0.00000000e+00, 
                -1.20370622e-32,   5.51152161e-01,   0.00000000e+00,   0.00000000e+00,   5.51152161e-01, 
                 0.00000000e+00,  -8.27548023e-33,   5.51152161e-01,   0.00000000e+00,  -6.58276836e-33, 
                 5.51152161e-01,   0.00000000e+00,   0.00000000e+00,   5.51152161e-01,   0.00000000e+00, 
                -2.40741243e-32,   5.51152161e-01,   0.00000000e+00,  -2.40741243e-32,   5.51152161e-01, 
                 0.00000000e+00,   0.00000000e+00,   5.51152161e-01,   0.00000000e+00,   3.00926554e-33, 
                 5.51152161e-01,   0.00000000e+00,  -3.00926554e-33,   5.51152161e-01,   0.00000000e+00, 
                -3.29138418e-33,   5.51152161e-01,   0.00000000e+00,  -3.38542373e-33,   5.51152161e-01, 
                 0.00000000e+00,  -3.00926554e-33,   5.51152161e-01,   0.00000000e+00,  -3.38542373e-33, 
                 5.51152161e-01,   0.00000000e+00,  -6.77084746e-33,   5.51152161e-01,   0.00000000e+00, 
                -4.89005650e-33,   5.51152161e-01,   0.00000000e+00,  -5.26621469e-33,   5.51152161e-01, 
                 0.00000000e+00,  -3.31783281e-33,   5.51152161e-01,   0.00000000e+00,  -3.00926554e-33, 
                 5.51152161e-01,   0.00000000e+00,  -6.58276836e-33,   5.51152161e-01,   0.00000000e+00, 
                -6.01853108e-33,   5.51152161e-01,   0.00000000e+00,  -4.89005650e-33,   5.51152161e-01, 
                 0.00000000e+00,  -4.89005650e-33,   5.51152161e-01,   0.00000000e+00,  -3.38542373e-33, 
                 5.51152161e-01,   0.00000000e+00,  -1.50463277e-33,   5.51152161e-01,   0.00000000e+00, 
                -6.77084746e-33,   5.51152161e-01,   0.00000000e+00,  -3.00926554e-33,   5.51152161e-01, 
                 0.00000000e+00,  -6.01853108e-33,   5.51152161e-01,   0.00000000e+00,  -5.26621469e-33, 
                 5.51152161e-01,   0.00000000e+00,  -3.00926554e-33,   5.51152161e-01,   0.00000000e+00, 
                -5.26621469e-33,   5.51152161e-01,   0.00000000e+00,  -3.00926554e-33,   5.51152161e-01, 
                 0.00000000e+00,  -4.51389831e-33,   5.51152161e-01,   0.00000000e+00,  -3.00926554e-33, 
                 5.51152161e-01,   0.00000000e+00,  -3.00926554e-33,   5.51152161e-01,   0.00000000e+00, 
                -6.01853108e-33,   5.51152161e-01,   0.00000000e+00,  -3.00926554e-33,   5.51152161e-01, 
                 0.00000000e+00,  -9.02779661e-33,   5.51152161e-01,   0.00000000e+00,   0.00000000e+00, 
                 5.51152161e-01,   0.00000000e+00,  -3.00926554e-33,   5.51152161e-01,   0.00000000e+00, 
                -3.00926554e-33,   5.51152161e-01,   0.00000000e+00,  -3.00926554e-33,   5.51152161e-01, 
                 0.00000000e+00,  -3.76158192e-33,   5.51152161e-01,   0.00000000e+00,  -5.26621469e-33, 
                 5.51152161e-01,   0.00000000e+00,  -6.58276836e-33,   5.51152161e-01,   0.00000000e+00, 
                -3.29138418e-33,   5.51152161e-01,   0.00000000e+00,  -3.38542373e-33,   5.51152161e-01, 
                 0.00000000e+00,  -3.33840396e-33,   5.51152161e-01,   0.00000000e+00,  -3.38542373e-33, 
                 5.51152161e-01 ]
            </hessian>
            <hessian_final> True</hessian_final>
         </instanton>
      </motion>
      <beads natoms='1' nbeads='64'>
         <q shape='(64, 3)'>
          [   1.87833334e+00,   3.09492810e-19,  -1.10000763e-18,   1.87852977e+00,  -1.42833432e-19, 
             -5.25008014e-19,   1.87892591e+00,   6.64220477e-20,  -1.08658076e-19,   1.87952833e+00, 
              1.62719918e-19,   3.34230370e-20,   1.88034703e+00,   4.16829551e-19,   5.54021771e-19, 
              1.88139557e+00,   8.91711840e-19,   8.82105478e-19,   1.88269128e+00,   5.65346892e-19, 
              5.98927742e-19,   1.88425549e+00,   3.57857309e-19,   3.00170156e-19,   1.88611383e+00, 
              1.78443363e-19,   2.98564051e-19,   1.88829661e+00,   1.20007127e-19,   6.12633858e-20, 
              1.89083922e+00,   1.20572479e-19,  -1.17571017e-19,   1.89378259e+00,  -2.91773338e-20, 
             -4.56013416e-19,   1.89717369e+00,   1.04783451e-19,  -2.69906138e-19,   1.90106614e+00, 
             -1.16606295e-20,  -1.73743764e-20,   1.90552074e+00,   2.38518247e-19,   6.37369071e-19, 
              1.91060619e+00,   3.40157059e-19,   4.84404857e-19,   1.91639970e+00,   2.38215480e-19, 
              5.32940944e-19,   1.92298764e+00,  -2.09197696e-20,   3.13108993e-19,   1.93046617e+00, 
              3.59001308e-21,  -5.57378336e-20,   1.93894176e+00,   2.39891042e-19,  -1.01750991e-19, 
              1.94853161e+00,   4.32530515e-19,   5.43292211e-20,   1.95936382e+00,   2.21503012e-19, 
              3.11091845e-21,   1.97157728e+00,   1.28817793e-19,   1.05138658e-20,   1.98532110e+00, 
              9.11976595e-20,  -3.47807716e-21,   2.00075343e+00,   4.93048344e-20,   1.74297339e-21, 
              2.01803953e+00,   2.58409460e-21,  -1.89926448e-20,   2.03734870e+00,  -2.21019255e-21, 
             -9.90054170e-21,   2.05884997e+00,  -3.62397814e-20,  -2.04726702e-20,   2.08270609e+00, 
              4.44564440e-21,  -7.14776966e-21,   2.10906544e+00,  -2.08651528e-20,  -2.87378037e-21, 
              2.13805170e+00,   8.08753900e-21,   9.53246582e-21,   2.16975066e+00,   7.42247228e-21, 
              5.30383242e-21,   2.20419426e+00,   9.57104679e-23,  -5.52475866e-21,   2.24134346e+00, 
              3.60878829e-20,   4.73982851e-21,   2.28107934e+00,  -6.07235974e-21,  -7.49025279e-21, 
              2.32320120e+00,   3.07728263e-20,  -2.14529284e-21,   2.36743104e+00,  -7.42569381e-21, 
             -9.98361363e-21,   2.41342420e+00,   9.97811042e-21,  -4.62943908e-21,   2.46077805e+00, 
              5.37616590e-21,   1.48768736e-20,   2.50904140e+00,  -3.87424155e-20,   6.72312676e-21, 
              2.55773228e+00,   1.21409473e-20,   1.71279958e-20,   2.60636390e+00,  -4.44800013e-20, 
             -1.27701192e-20,   2.65446740e+00,   2.96320631e-20,   5.29131317e-21,   2.70160379e+00, 
             -1.43164477e-20,  -9.54280805e-21,   2.74737339e+00,   1.85021340e-20,  -3.70865722e-21, 
              2.79142808e+00,   1.58526965e-20,   2.25462966e-21,   2.83348374e+00,  -1.83003932e-20, 
             -1.93524762e-20,   2.87332701e+00,   4.15638934e-20,   2.61234351e-20,   2.91080887e+00, 
             -5.85834702e-20,  -1.86205149e-20,   2.94583309e+00,   5.40492859e-20,   3.59442527e-20, 
              2.97834557e+00,  -6.51048611e-20,  -3.85349094e-20,   3.00832493e+00,   5.94575685e-20, 
              3.16423207e-20,   3.03577466e+00,  -5.12300030e-20,  -3.71900317e-20,   3.06071670e+00, 
              5.22941034e-20,   3.20296422e-20,   3.08318583e+00,  -3.80480947e-20,  -2.64987659e-20, 
              3.10322501e+00,   2.72857966e-20,   2.17234856e-20,   3.12088156e+00,  -2.18483372e-20, 
             -1.76430653e-20,   3.13620389e+00,   1.45598582e-20,   1.76037893e-20,   3.14923890e+00, 
             -1.01035460e-20,  -8.96747956e-21,   3.16002982e+00,   5.68123231e-21,   4.17861264e-21, 
              3.16861456e+00,  -1.96739418e-21,  -8.42202345e-21,   3.17502463e+00,   5.78248573e-21, 
              2.27571058e-21,   3.17928429e+00,   1.10062417e-21,   6.63228014e-22,   3.18140996e+00, 
             -4.24305591e-21,   1.50031858e-21 ]
         </q>
         <p shape='(64, 3)'>
          [   0.00000000e+00,   0.00000000e+00,   0.00000000e+00,   0.00000000e+00,   0.00000000e+00, 
              0.00000000e+00,   0.00000000e+00,   0.00000000e+00,   0.00000000e+00,   0.00000000e+00, 
              0.00000000e+00,   0.00000000e+00,   0.00000000e+00,   0.00000000e+00,   0.00000000e+00, 
              0.00000000e+00,   0.00000000e+00,   0.00000000e+00,   0.00000000e+00,   0.00000000e+00, 
              0.00000000e+00,   0.00000000e+00,   0.00000000e+00,   0.00000000e+00,   0.00000000e+00, 
              0.00000000e+00,   0.00000000e+00,   0.00000000e+00,   0.00000000e+00,   0.00000000e+00, 
              0.00000000e+00,   0.00000000e+00,   0.00000000e+00,   0.00000000e+00,   0.00000000e+00, 
              0.00000000e+00,   0.00000000e+00,   0.00000000e+00,   0.00000000e+00,   0.00000000e+00, 
              0.00000000e+00,   0.00000000e+00,   0.00000000e+00,   0.00000000e+00,   0.00000000e+00, 
              0.00000000e+00,   0.00000000e+00,   0.00000000e+00,   0.00000000e+00,   0.00000000e+00, 
              0.00000000e+00,   0.00000000e+00,   0.00000000e+00,   0.00000000e+00,   0.00000000e+00, 
              0.00000000e+00,   0.00000000e+00,   0.00000000e+00,   0.00000000e+00,   0.00000000e+00, 
              0.00000000e+00,   0.00000000e+00,   0.00000000e+00,   0.00000000e+00,   0.00000000e+00, 
              0.00000000e+00,   0.00000000e+00,   0.00000000e+00,   0.00000000e+00,   0.00000000e+00, 
              0.00000000e+00,   0.00000000e+00,   0.00000000e+00,   0.00000000e+00,   0.00000000e+00, 
              0.00000000e+00,   0.00000000e+00,   0.00000000e+00,   0.00000000e+00,   0.00000000e+00, 
              0.00000000e+00,   0.00000000e+00,   0.00000000e+00,   0.00000000e+00,   0.00000000e+00, 
              0.00000000e+00,   0.00000000e+00,   0.00000000e+00,   0.00000000e+00,   0.00000000e+00, 
              0.00000000e+00,   0.00000000e+00,   0.00000000e+00,   0.00000000e+00,   0.00000000e+00, 
              0.00000000e+00,   0.00000000e+00,   0.00000000e+00,   0.00000000e+00,   0.00000000e+00, 
              0.00000000e+00,   0.00000000e+00,   0.00000000e+00,   0.00000000e+00,   0.00000000e+00, 
              0.00000000e+00,   0.00000000e+00,   0.00000000e+00,   0.00000000e+00,   0.00000000e+00, 
              0.00000000e+00,   0.00000000e+00,   0.00000000e+00,   0.00000000e+00,   0.00000000e+00, 
              0.00000000e+00,   0.00000000e+00,   0.00000000e+00,   0.00000000e+00,   0.00000000e+00, 
              0.00000000e+00,   0.00000000e+00,   0.00000000e+00,   0.00000000e+00,   0.00000000e+00, 
              0.00000000e+00,   0.00000000e+00,   0.00000000e+00,   0.00000000e+00,   0.00000000e+00, 
              0.00000000e+00,   0.00000000e+00,   0.00000000e+00,   0.00000000e+00,   0.00000000e+00, 
              0.00000000e+00,   0.00000000e+00,   0.00000000e+00,   0.00000000e+00,   0.00000000e+00, 
              0.00000000e+00,   0.00000000e+00,   0.00000000e+00,   0.00000000e+00,   0.00000000e+00, 
              0.00000000e+00,   0.00000000e+00,   0.00000000e+00,   0.00000000e+00,   0.00000000e+00, 
              0.00000000e+00,   0.00000000e+00,   0.00000000e+00,   0.00000000e+00,   0.00000000e+00, 
              0.00000000e+00,   0.00000000e+00,   0.00000000e+00,   0.00000000e+00,   0.00000000e+00, 
              0.00000000e+00,   0.00000000e+00,   0.00000000e+00,   0.00000000e+00,   0.00000000e+00, 
              0.00000000e+00,   0.00000000e+00,   0.00000000e+00,   0.00000000e+00,   0.00000000e+00, 
              0.00000000e+00,   0.00000000e+00,   0.00000000e+00,   0.00000000e+00,   0.00000000e+00, 
              0.00000000e+00,   0.00000000e+00,   0.00000000e+00,   0.00000000e+00,   0.00000000e+00, 
              0.00000000e+00,   0.00000000e+00,   0.00000000e+00,   0.00000000e+00,   0.00000000e+00, 
              0.00000000e+00,   0.00000000e+00,   0.00000000e+00,   0.00000000e+00,   0.00000000e+00, 
              0.00000000e+00,   0.00000000e+00 ]
         </p>
         <m shape='(1)'> [   1.83736223e+03 ] </m>
         <names shape='(1)'> [ H ] </names>
      </beads>
      <cell shape='(3, 3)'>
       [   7.44721588e+00,   4.56010455e-16,   4.56010455e-16,   0.00000000e+00,   7.44721588e+00, 
           4.56010455e-16,   0.00000000e+00,   0.00000000e+00,   7.44721588e+00 ]
      </cell>
   </system>
</simulation>
