-1.363174120225414121e-01
-1.347359920185564608e-01
-1.312321150941412606e-01
-1.258251817215971513e-01
-1.185599929191589602e-01
-1.095243707627234775e-01
-9.887019892910654806e-02
-8.683488739619051044e-02
-7.375921589218834007e-02
-6.009673765596040829e-02
-4.640984699989306184e-02
-3.334865230009302628e-02
-2.161118915676340374e-02
-1.188710685380461353e-02
-4.791100181788969688e-03
-7.959246640744505313e-04
-1.765774130418896722e-04
-2.976251525805874605e-03
-9.000888105530372926e-03
-1.784344050908649379e-02
-2.893293387622642918e-02
-4.159877662648538144e-02
-5.513875384935044976e-02
-6.887996701284229695e-02
-8.222503119286049544e-02
-9.467991814027393316e-02
-1.058637304256310613e-01
-1.155035618972946043e-01
-1.234191143235723459e-01
-1.295020203823219473e-01
-1.336942487419248982e-01
-1.359689745982353148e-01
-1.363162408400905579e-01
-1.347348155471053688e-01
-1.312309276572529715e-01
-1.258239794250341215e-01
-1.185587746804978998e-01
-1.095231393600441111e-01
-9.886896199891156978e-02
-8.683365825398664528e-02
-7.375801399802377201e-02
-6.009558852024769748e-02
-4.640878134173789110e-02
-3.334770434751175433e-02
-2.161039411743993777e-02
-1.188649776757136518e-02
-4.790704548899185448e-03
-7.957613699310064816e-04
-1.766544878748970229e-04
-2.976565162202301964e-03
-9.001423126424126092e-03
-1.784417219395501020e-02
-2.893383079464791063e-02
-4.159980396679594655e-02
-5.513987670070839148e-02
-6.888115315146216278e-02
-8.222625309263466298e-02
-9.468115411664264347e-02
-1.058649649798967946e-01
-1.155047854287136605e-01
-1.234203224140009159e-01
-1.295032128446219344e-01
-1.336954285785616481e-01
-1.359701469601536372e-01
