7.107614842862987059e-01
5.510805274124109809e-01
4.325274147352907717e-01
3.819917271898843336e-01
3.572612096071323684e-01
3.469264684885927652e-01
3.472565151118048865e-01
3.578251510131207902e-01
3.790599789048167412e-01
4.115066317339612922e-01
4.557847997664130624e-01
5.113470023763293515e-01
5.806595014380128150e-01
6.685942633464878604e-01
7.827356138263665830e-01
9.367811561626351313e-01
1.158185922784486399e+00
1.511624494769570282e+00
2.175986682468212141e+00
3.905591214044898507e+00
6.783785965352840286e+00
