<simulation verbosity='medium' mode='static'>
   <output prefix='inst'>
      <properties shape='(2)'> [ step, potential{electronvolt} ] </properties>
   </output>
   <step>14</step>
   <total_steps>30</total_steps>
   <ffsocket mode='unix' name='aims'>
   </ffsocket>
   <system>
      <forces>
         <force forcefield='aims'>
         </force>
      </forces>
      <ensemble>
         <temperature>  3.80017824e-04</temperature>
         <hamiltonian_weights shape='(1)'> [   1.00000000e+00 ] </hamiltonian_weights>
      </ensemble>
      <motion mode='instanton'>
         <instanton>
            <tolerances>
               <energy>  1.00000000e-03</energy>
               <force>  2.00000000e-04</force>
            </tolerances>
            <biggest_step>  1.00000000e-01</biggest_step>
            <old_pot shape='(16)'>
             [   5.09653038e-03,   5.11916391e-03,   5.16082725e-03,   5.21482601e-03,   5.27230650e-03, 
                 5.32348663e-03,   5.35919650e-03,   5.37241437e-03,   5.35978776e-03,   5.32393395e-03, 
                 5.27156666e-03,   5.21107730e-03,   5.15103533e-03,   5.09904304e-03,   5.06096826e-03, 
                 5.04084489e-03 ]
            </old_pot>
            <old_force shape='(16, 3)'>
             [  -1.48599383e-03,   1.64164289e-19,   8.19075971e-20,  -1.43119487e-03,  -7.70735038e-22, 
                -4.54701995e-22,  -1.32209699e-03,  -5.75957152e-21,   4.10131505e-20,  -1.16020840e-03, 
                -5.28009047e-20,   1.07917949e-19,  -9.49148954e-04,   3.85694163e-20,   8.24277519e-20, 
                -6.96120076e-04,   5.23474386e-21,  -1.22026449e-21,  -4.12365953e-04,   1.41603696e-21, 
                -2.25412955e-22,  -1.12626617e-04,   4.51869787e-22,  -8.90261063e-23,   1.86769891e-04, 
                 1.53257608e-22,  -1.22408190e-22,   4.71870632e-04,   2.08295855e-22,  -3.41087647e-23, 
                 7.31421501e-04,   1.62779005e-22,  -1.12473926e-22,   9.56625653e-04,  -3.81140907e-23, 
                 3.11850559e-23,   1.14132565e-03,  -2.36371954e-22,   2.31713988e-22,   1.28175179e-03, 
                 1.12629310e-22,   1.37900803e-22,   1.37591552e-03,   2.70876305e-22,  -4.61846477e-23, 
                 1.42305306e-03,   8.31207096e-23,   1.05017290e-22 ]
            </old_force>
            <opt>nichols</opt>
            <discretization shape='(17)'>
             [   1.00000000e+00,   1.00000000e+00,   1.00000000e+00,   1.00000000e+00,   1.00000000e+00, 
                 1.00000000e+00,   1.00000000e+00,   1.00000000e+00,   1.00000000e+00,   1.00000000e+00, 
                 1.00000000e+00,   1.00000000e+00,   1.00000000e+00,   1.00000000e+00,   1.00000000e+00, 
                 1.00000000e+00,   1.00000000e+00 ]
            </discretization>
            <hessian shape='(3, 48)'>
             [  -9.95565823e-03,   0.00000000e+00,   0.00000000e+00,  -1.00538687e-02,   0.00000000e+00, 
                 0.00000000e+00,  -1.02369953e-02,   0.00000000e+00,   0.00000000e+00,  -1.04787058e-02, 
                 0.00000000e+00,   0.00000000e+00,  -1.07175044e-02,   0.00000000e+00,   0.00000000e+00, 
                -1.08894754e-02,   0.00000000e+00,   0.00000000e+00,  -1.09426612e-02,   0.00000000e+00, 
                 0.00000000e+00,  -1.08412047e-02,   0.00000000e+00,   0.00000000e+00,  -1.06105486e-02, 
                 0.00000000e+00,   0.00000000e+00,  -1.03358938e-02,   0.00000000e+00,   0.00000000e+00, 
                -1.00362979e-02,   0.00000000e+00,   0.00000000e+00,  -9.73361271e-03,   0.00000000e+00, 
                 0.00000000e+00,  -9.45217139e-03,   0.00000000e+00,   0.00000000e+00,  -9.21497425e-03, 
                 0.00000000e+00,   0.00000000e+00,  -9.03459492e-03,   0.00000000e+00,   0.00000000e+00, 
                -8.93605286e-03,   0.00000000e+00,   0.00000000e+00,   0.00000000e+00,   5.51152161e-01, 
                 0.00000000e+00,   0.00000000e+00,   5.51152161e-01,   0.00000000e+00,   0.00000000e+00, 
                 5.51152161e-01,   0.00000000e+00,   0.00000000e+00,   5.51152161e-01,   0.00000000e+00, 
                 0.00000000e+00,   5.51152161e-01,   0.00000000e+00,   0.00000000e+00,   5.51152161e-01, 
                 0.00000000e+00,   0.00000000e+00,   5.51152161e-01,   0.00000000e+00,   0.00000000e+00, 
                 5.51152161e-01,   0.00000000e+00,   0.00000000e+00,   5.51152161e-01,   0.00000000e+00, 
                 0.00000000e+00,   5.51152161e-01,   0.00000000e+00,   0.00000000e+00,   5.51152161e-01, 
                 0.00000000e+00,   0.00000000e+00,   5.51152161e-01,   0.00000000e+00,   0.00000000e+00, 
                 5.51152161e-01,   0.00000000e+00,   0.00000000e+00,   5.51152161e-01,   0.00000000e+00, 
                 0.00000000e+00,   5.51152161e-01,   0.00000000e+00,   0.00000000e+00,   5.51152161e-01, 
                 0.00000000e+00,   0.00000000e+00,   0.00000000e+00,   5.51152161e-01,   0.00000000e+00, 
                -3.33840396e-33,   5.51152161e-01,   0.00000000e+00,  -4.89005650e-33,   5.51152161e-01, 
                 0.00000000e+00,  -6.01853108e-33,   5.51152161e-01,   0.00000000e+00,  -9.02779661e-33, 
                 5.51152161e-01,   0.00000000e+00,  -4.89005650e-33,   5.51152161e-01,   0.00000000e+00, 
                -6.67680791e-33,   5.51152161e-01,   0.00000000e+00,  -3.29138418e-33,   5.51152161e-01, 
                 0.00000000e+00,  -3.31489407e-33,   5.51152161e-01,   0.00000000e+00,  -6.62978814e-33, 
                 5.51152161e-01,   0.00000000e+00,  -3.31489407e-33,   5.51152161e-01,   0.00000000e+00, 
                -6.63272687e-33,   5.51152161e-01,   0.00000000e+00,  -6.62978814e-33,   5.51152161e-01, 
                 0.00000000e+00,  -3.31489407e-33,   5.51152161e-01,   0.00000000e+00,  -3.31489407e-33, 
                 5.51152161e-01,   0.00000000e+00,  -6.62978814e-33,   5.51152161e-01 ]
            </hessian>
            <hessian_final> True</hessian_final>
         </instanton>
      </motion>
      <beads natoms='1' nbeads='16'>
         <q shape='(16, 3)'>
          [   2.41251065e+00,  -2.97856563e-19,  -1.48611587e-19,   2.41798778e+00,   1.39840700e-21, 
              8.25002653e-22,   2.42874003e+00,   1.04500570e-20,  -7.44134804e-20,   2.44436524e+00, 
              9.58009574e-20,  -1.95804275e-19,   2.46426669e+00,  -6.99796155e-20,  -1.49555346e-19, 
              2.48766642e+00,  -9.49781972e-21,   2.21402469e-21,   2.51363181e+00,  -2.56923054e-21, 
              4.08984979e-22,   2.54111699e+00,  -8.19863949e-22,   1.61527274e-22,   2.56901719e+00, 
             -2.78067690e-22,   2.22095091e-22,   2.59622889e+00,  -3.77928038e-22,   6.18862941e-23, 
              2.62170120e+00,  -2.95343130e-22,   2.04070552e-22,   2.64447738e+00,   6.91534814e-23, 
             -5.65815724e-23,   2.66372727e+00,   4.28868779e-22,  -4.20417454e-22,   2.67876999e+00, 
             -2.04352478e-22,  -2.50204594e-22,   2.68908783e+00,  -4.91472816e-22,   8.37965466e-23, 
              2.69433365e+00,  -1.50812635e-22,  -1.90541374e-22 ]
         </q>
         <p shape='(16, 3)'>
          [   0.00000000e+00,   0.00000000e+00,   0.00000000e+00,   0.00000000e+00,   0.00000000e+00, 
              0.00000000e+00,   0.00000000e+00,   0.00000000e+00,   0.00000000e+00,   0.00000000e+00, 
              0.00000000e+00,   0.00000000e+00,   0.00000000e+00,   0.00000000e+00,   0.00000000e+00, 
              0.00000000e+00,   0.00000000e+00,   0.00000000e+00,   0.00000000e+00,   0.00000000e+00, 
              0.00000000e+00,   0.00000000e+00,   0.00000000e+00,   0.00000000e+00,   0.00000000e+00, 
              0.00000000e+00,   0.00000000e+00,   0.00000000e+00,   0.00000000e+00,   0.00000000e+00, 
              0.00000000e+00,   0.00000000e+00,   0.00000000e+00,   0.00000000e+00,   0.00000000e+00, 
              0.00000000e+00,   0.00000000e+00,   0.00000000e+00,   0.00000000e+00,   0.00000000e+00, 
              0.00000000e+00,   0.00000000e+00,   0.00000000e+00,   0.00000000e+00,   0.00000000e+00, 
              0.00000000e+00,   0.00000000e+00,   0.00000000e+00 ]
         </p>
         <m shape='(1)'> [   1.83736223e+03 ] </m>
         <names shape='(1)'> [ H ] </names>
      </beads>
      <cell shape='(3, 3)'>
       [   7.44721588e+00,   4.56010455e-16,   4.56010455e-16,   0.00000000e+00,   7.44721588e+00, 
           4.56010455e-16,   0.00000000e+00,   0.00000000e+00,   7.44721588e+00 ]
      </cell>
   </system>
</simulation>
