0
1 0 64 1  Ohmic 
   -1.11505973 
   -1.10711353 
   -1.08948431 
   -1.06219339 
   -1.02528620 
   -0.97884779 
   -0.92302257 
   -0.85803684 
   -0.78422236 
   -0.70203896 
   -0.61209338 
   -0.51515217 
   -0.41214600 
   -0.30416362 
   -0.19243479 
   -0.07830210 
    0.03681629 
    0.15147054 
    0.26422571 
    0.37370715 
    0.47864059 
    0.57788388 
    0.67044809 
    0.75550755 
    0.83239897 
    0.90061138 
    0.95976917 
    1.00961053 
    1.04996407 
    1.08072562 
    1.10183751 
    1.11327137 
    1.11501584 
    1.10706947 
    1.08943950 
    1.06214704 
    1.02523746 
    0.97879596 
    0.92296715 
    0.85797757 
    0.78415922 
    0.70197209 
    0.61202307 
    0.51507876 
    0.41206986 
    0.30408522 
    0.19235469 
    0.07822102 
   -0.03689753 
   -0.15155108 
   -0.26430480 
   -0.37378416 
   -0.47871504 
   -0.57795534 
   -0.67051623 
   -0.75557206 
   -0.83245964 
   -0.90066817 
   -0.95982225 
   -1.00966032 
   -1.05001118 
   -1.08077089 
   -1.10188175 
   -1.11331528 
1
1 0 64 1  Ohmic 
   -1.06505973 
   -1.05739836 
   -1.04040684 
   -1.01411858 
   -0.97859627 
   -0.93394551 
   -0.88033204 
   -0.81800116 
   -0.74729795 
   -0.66868631 
   -0.58276446 
   -0.49027511 
   -0.39210803 
   -0.28929361 
   -0.18298696 
   -0.07444261 
    0.03501858 
    0.14404795 
    0.25130991 
    0.35552182 
    0.45548931 
    0.55013472 
    0.63851638 
    0.71983848 
    0.79345152 
    0.85884469 
    0.91563206 
    0.96353449 
    1.00235980 
    1.03198271 
    1.05232686 
    1.06334972 
    1.06503179 
    1.05737033 
    1.04037834 
    1.01408903 
    0.97856507 
    0.93391217 
    0.88029620 
    0.81796265 
    0.74725678 
    0.66864260 
    0.58271843 
    0.49022700 
    0.39205809 
    0.28924215 
    0.18293436 
    0.07438934 
   -0.03507196 
   -0.14410085 
   -0.25136184 
   -0.35557234 
   -0.45553812 
   -0.55018153 
   -0.63856095 
   -0.71988058 
   -0.79349099 
   -0.85888148 
   -0.91566627 
   -0.96356642 
   -1.00238987 
   -1.03201153 
   -1.05235500 
   -1.06337767 
2
1 0 64 1  Ohmic 
   -1.01505973 
   -1.00769263 
   -0.99135909 
   -0.96610299 
   -0.93200193 
   -0.88917898 
   -0.83781755 
   -0.77817806 
   -0.71061493 
   -0.63559250 
   -0.55369758 
   -0.46564721 
   -0.37228983 
   -0.27459860 
   -0.17365667 
   -0.07063450 
    0.03323934 
    0.13671197 
    0.23854199 
    0.33753429 
    0.43257123 
    0.52263790 
    0.60683976 
    0.68441222 
    0.75472211 
    0.81726217 
    0.87163999 
    0.91756312 
    0.95482230 
    0.98327445 
    1.00282714 
    1.01342558 
    1.01504316 
    1.00767603 
    0.99134219 
    0.96608541 
    0.93198324 
    0.88915883 
    0.83779572 
    0.77815443 
    0.71058952 
    0.63556540 
    0.55366895 
    0.46561723 
    0.37225866 
    0.27456644 
    0.17362375 
    0.07060114 
   -0.03327276 
   -0.13674509 
   -0.23857446 
   -0.33756584 
   -0.43260166 
   -0.52266703 
   -0.60686742 
   -0.68443825 
   -0.75474639 
   -0.81728464 
   -0.87166072 
   -0.91758231 
   -0.95484023 
   -0.98329155 
   -1.00284381 
   -1.01344215 
3
1 0 64 1  Ohmic 
   -0.96505973 
   -0.95799612 
   -0.94234029 
   -0.91814507 
   -0.88550056 
   -0.84454429 
   -0.79547380 
   -0.73856077 
   -0.67416519 
   -0.60274837 
   -0.52488299 
   -0.44125878 
   -0.35268246 
   -0.26007111 
   -0.16443853 
   -0.06687496 
    0.03147860 
    0.12945998 
    0.22591698 
    0.31973782 
    0.40987850 
    0.49538521 
    0.57541032 
    0.64922167 
    0.71620480 
    0.77585922 
    0.82778976 
    0.87169448 
    0.90735072 
    0.93460083 
    0.95333895 
    0.96349988 
    0.96505093 
    0.95798732 
    0.94233131 
    0.91813566 
    0.88549044 
    0.84453322 
    0.79546163 
    0.73854744 
    0.67415071 
    0.60273282 
    0.52486648 
    0.44124142 
    0.35266436 
    0.26005239 
    0.16441933 
    0.06685548 
   -0.03149813 
   -0.12947931 
   -0.22593590 
   -0.31975616 
   -0.40989615 
   -0.49540203 
   -0.57542622 
   -0.64923654 
   -0.71621854 
   -0.77587180 
   -0.82780122 
   -0.87170493 
   -0.90736036 
   -0.93460994 
   -0.95334779 
   -0.96350867 
4
1 0 64 1  Ohmic 
   -0.91505973 
   -0.90830858 
   -0.89334967 
   -0.87024320 
   -0.83908947 
   -0.80003743 
   -0.75329533 
   -0.69914240 
   -0.63794052 
   -0.57014473 
   -0.49631100 
   -0.41710019 
   -0.33327711 
   -0.24570387 
   -0.15532739 
   -0.06316140 
    0.02973620 
    0.12228910 
    0.21342965 
    0.30212541 
    0.38740303 
    0.46836813 
    0.54421979 
    0.61425934 
    0.67789325 
    0.73463086 
    0.78407779 
    0.82592631 
    0.85994393 
    0.88596162 
    0.90386268 
    0.91357333 
    0.91505589 
    0.90830473 
    0.89334573 
    0.87023901 
    0.83908484 
    0.80003223 
    0.75328946 
    0.69913582 
    0.63793325 
    0.57013683 
    0.49630252 
    0.41709121 
    0.33326769 
    0.24569408 
    0.15531733 
    0.06315117 
   -0.02974646 
   -0.12229924 
   -0.21343955 
   -0.30213497 
   -0.38741218 
   -0.46837679 
   -0.54422791 
   -0.61426684 
   -0.67790008 
   -0.73463699 
   -0.78408323 
   -0.82593113 
   -0.85994826 
   -0.88596564 
   -0.90386654 
   -0.91357717 
5
1 0 64 1  Ohmic 
   -0.86505973 
   -0.85862974 
   -0.84438640 
   -0.82239570 
   -0.79276584 
   -0.75565429 
   -0.71127659 
   -0.65991595 
   -0.60193265 
   -0.53777234 
   -0.46797188 
   -0.39316189 
   -0.31406507 
   -0.23148969 
   -0.14631825 
   -0.05949140 
    0.02801179 
    0.11519631 
    0.20107465 
    0.28468988 
    0.36513648 
    0.44157789 
    0.51325962 
    0.57951744 
    0.63978083 
    0.69357182 
    0.74050021 
    0.78025606 
    0.81260058 
    0.83735640 
    0.85439855 
    0.86364654 
    0.86505866 
    0.85862868 
    0.84438528 
    0.82239445 
    0.79276436 
    0.75565249 
    0.71127442 
    0.65991339 
    0.60192973 
    0.53776907 
    0.46796830 
    0.39315805 
    0.31406100 
    0.23148543 
    0.14631384 
    0.05948690 
   -0.02801631 
   -0.11520076 
   -0.20107898 
   -0.28469402 
   -0.36514040 
   -0.44158157 
   -0.51326300 
   -0.57952049 
   -0.63978352 
   -0.69357412 
   -0.74050214 
   -0.78025766 
   -0.81260190 
   -0.83735756 
   -0.85439962 
   -0.86364760 
6
1 0 64 1  Ohmic 
   -0.81505973 
   -0.80895935 
   -0.79544961 
   -0.77460083 
   -0.74652678 
   -0.71139060 
   -0.66941184 
   -0.62087423 
   -0.56613311 
   -0.50562179 
   -0.43985580 
   -0.36943424 
   -0.29503760 
   -0.21742145 
   -0.13740615 
   -0.05586262 
    0.02630493 
    0.10817845 
    0.18884644 
    0.26742385 
    0.34307029 
    0.41500548 
    0.48252096 
    0.54498786 
    0.60186056 
    0.65267649 
    0.69705287 
    0.73468101 
    0.76531912 
    0.78878461 
    0.80494671 
    0.81372001 
    0.81505983 
    0.80895945 
    0.79544969 
    0.77460085 
    0.74652670 
    0.71139038 
    0.66941146 
    0.62087368 
    0.56613240 
    0.50562093 
    0.43985480 
    0.36943313 
    0.29503638 
    0.21742016 
    0.13740479 
    0.05586122 
   -0.02630634 
   -0.10817983 
   -0.18884776 
   -0.26742509 
   -0.34307144 
   -0.41500652 
   -0.48252187 
   -0.54498863 
   -0.60186117 
   -0.65267693 
   -0.69705315 
   -0.73468114 
   -0.76531913 
   -0.78878455 
   -0.80494660 
   -0.81371991 
7
1 0 64 1  Ohmic 
   -0.76505973 
   -0.75929710 
   -0.74653840 
   -0.72685670 
   -0.70036919 
   -0.66724182 
   -0.62769501 
   -0.58200968 
   -0.53053304 
   -0.47368328 
   -0.41195253 
   -0.34590726 
   -0.27618568 
   -0.20349180 
   -0.12858603 
   -0.05227269 
    0.02461507 
    0.10123218 
    0.17673919 
    0.25031957 
    0.32119548 
    0.38864137 
    0.45199447 
    0.51066201 
    0.56412502 
    0.61193888 
    0.65373131 
    0.68919813 
    0.71809785 
    0.74024559 
    0.75550723 
    0.76379424 
    0.76505996 
    0.75929733 
    0.74653862 
    0.72685690 
    0.70036936 
    0.66724197 
    0.62769512 
    0.58200975 
    0.53053306 
    0.47368326 
    0.41195248 
    0.34590718 
    0.27618558 
    0.20349167 
    0.12858589 
    0.05227254 
   -0.02461522 
   -0.10123232 
   -0.17673932 
   -0.25031968 
   -0.32119557 
   -0.38864143 
   -0.45199450 
   -0.51066201 
   -0.56412497 
   -0.61193879 
   -0.65373118 
   -0.68919796 
   -0.71809765 
   -0.74024538 
   -0.75550700 
   -0.76379401 
8
1 0 64 1  Ohmic 
   -0.72678526 
   -0.72128716 
   -0.70911612 
   -0.69034624 
   -0.66509562 
   -0.63353033 
   -0.59586907 
   -0.55238822 
   -0.50342643 
   -0.44938839 
   -0.39074685 
   -0.32804253 
   -0.26188131 
   -0.19292854 
   -0.12190038 
   -0.04955240 
    0.02333400 
    0.09596672 
    0.16755871 
    0.23734345 
    0.30458915 
    0.36861101 
    0.42878094 
    0.48453428 
    0.53537367 
    0.58087006 
    0.62066138 
    0.65444932 
    0.68199499 
    0.70311396 
    0.71767135 
    0.72557760 
    0.72678526 
    0.72128716 
    0.70911612 
    0.69034623 
    0.66509562 
    0.63353032 
    0.59586907 
    0.55238820 
    0.50342641 
    0.44938837 
    0.39074682 
    0.32804250 
    0.26188128 
    0.19292851 
    0.12190035 
    0.04955237 
   -0.02333403 
   -0.09596675 
   -0.16755875 
   -0.23734348 
   -0.30458917 
   -0.36861103 
   -0.42878096 
   -0.48453430 
   -0.53537369 
   -0.58087008 
   -0.62066138 
   -0.65444932 
   -0.68199499 
   -0.70311396 
   -0.71767135 
   -0.72557760 
9
1 0 64 1  Ohmic 
   -0.70736795 
   -0.70200558 
   -0.69013593 
   -0.67183331 
   -0.64721587 
   -0.61644918 
   -0.57975049 
   -0.53739323 
   -0.48971118 
   -0.43710167 
   -0.38002729 
   -0.31901553 
   -0.25465588 
   -0.18759432 
   -0.11852494 
   -0.04817914 
    0.02268728 
    0.09330842 
    0.16292313 
    0.23078967 
    0.29619914 
    0.35848715 
    0.41704308 
    0.47131665 
    0.52082175 
    0.56513765 
    0.60390799 
    0.63683807 
    0.66369091 
    0.68428287 
    0.69847918 
    0.70619009 
    0.70736796 
    0.70200559 
    0.69013594 
    0.67183331 
    0.64721587 
    0.61644918 
    0.57975050 
    0.53739324 
    0.48971119 
    0.43710167 
    0.38002730 
    0.31901553 
    0.25465589 
    0.18759433 
    0.11852495 
    0.04817915 
   -0.02268728 
   -0.09330841 
   -0.16292313 
   -0.23078967 
   -0.29619913 
   -0.35848714 
   -0.41704307 
   -0.47131665 
   -0.52082175 
   -0.56513764 
   -0.60390798 
   -0.63683806 
   -0.66369091 
   -0.68428286 
   -0.69847917 
   -0.70619008 
10
1 0 64 1  Ohmic 
   -0.69726001 
   -0.69196831 
   -0.68025559 
   -0.66219625 
   -0.63790848 
   -0.60755757 
   -0.57136001 
   -0.52958770 
   -0.48257186 
   -0.43070599 
   -0.37444741 
   -0.31431670 
   -0.25089484 
   -0.18481772 
   -0.11676794 
   -0.04746434 
    0.02235063 
    0.09192468 
    0.16051016 
    0.22737822 
    0.29183186 
    0.35321733 
    0.41093309 
    0.46443635 
    0.51324686 
    0.55694820 
    0.59518701 
    0.62767046 
    0.65416259 
    0.67448015 
    0.68848845 
    0.69609765 
    0.69726001 
    0.69196831 
    0.68025559 
    0.66219625 
    0.63790848 
    0.60755757 
    0.57136001 
    0.52958770 
    0.48257185 
    0.43070599 
    0.37444740 
    0.31431669 
    0.25089484 
    0.18481772 
    0.11676794 
    0.04746433 
   -0.02235063 
   -0.09192468 
   -0.16051017 
   -0.22737822 
   -0.29183186 
   -0.35321733 
   -0.41093309 
   -0.46443636 
   -0.51324686 
   -0.55694820 
   -0.59518701 
   -0.62767046 
   -0.65416259 
   -0.67448015 
   -0.68848845 
   -0.69609765 
11
1 0 64 1  Ohmic 
   -0.69191757 
   -0.68666323 
   -0.67503346 
   -0.65710274 
   -0.63298924 
   -0.60285812 
   -0.56692545 
   -0.52546234 
   -0.47879863 
   -0.42732582 
   -0.37149842 
   -0.31183337 
   -0.24890715 
   -0.18335030 
   -0.11583939 
   -0.04708657 
    0.02217272 
    0.09119340 
    0.15923494 
    0.22557529 
    0.28952377 
    0.35043222 
    0.40770393 
    0.46080005 
    0.50924341 
    0.55261991 
    0.59057776 
    0.62282511 
    0.64912655 
    0.66929906 
    0.68320798 
    0.69076341 
    0.69191757 
    0.68666323 
    0.67503346 
    0.65710274 
    0.63298924 
    0.60285812 
    0.56692545 
    0.52546234 
    0.47879863 
    0.42732583 
    0.37149842 
    0.31183337 
    0.24890715 
    0.18335030 
    0.11583939 
    0.04708657 
   -0.02217272 
   -0.09119340 
   -0.15923493 
   -0.22557529 
   -0.28952377 
   -0.35043222 
   -0.40770393 
   -0.46080005 
   -0.50924341 
   -0.55261991 
   -0.59057776 
   -0.62282511 
   -0.64912655 
   -0.66929906 
   -0.68320798 
   -0.69076340 
12
1 0 64 1  Ohmic 
   -0.68907020 
   -0.68383578 
   -0.67225024 
   -0.65438808 
   -0.63036748 
   -0.60035352 
   -0.56456206 
   -0.52326375 
   -0.47678774 
   -0.42552443 
   -0.36992683 
   -0.31050995 
   -0.24784787 
   -0.18256829 
   -0.11534455 
   -0.04688525 
    0.02207791 
    0.09080369 
    0.15855535 
    0.22461448 
    0.28829374 
    0.34894797 
    0.40598301 
    0.45886213 
    0.50710980 
    0.55031315 
    0.58812124 
    0.62024274 
    0.64644253 
    0.66653772 
    0.68039365 
    0.68792041 
    0.68907020 
    0.68383578 
    0.67225024 
    0.65438808 
    0.63036748 
    0.60035352 
    0.56456206 
    0.52326375 
    0.47678774 
    0.42552442 
    0.36992683 
    0.31050995 
    0.24784787 
    0.18256829 
    0.11534455 
    0.04688525 
   -0.02207791 
   -0.09080369 
   -0.15855535 
   -0.22461448 
   -0.28829374 
   -0.34894797 
   -0.40598301 
   -0.45886213 
   -0.50710980 
   -0.55031315 
   -0.58812124 
   -0.62024274 
   -0.64644253 
   -0.66653772 
   -0.68039365 
   -0.68792041 
13
1 0 64 1  Ohmic 
   -0.68754576 
   -0.68232200 
   -0.67076014 
   -0.65293470 
   -0.62896384 
   -0.59901262 
   -0.56329676 
   -0.52208670 
   -0.47571118 
   -0.42456003 
   -0.36908546 
   -0.30980145 
   -0.24728079 
   -0.18214965 
   -0.11507964 
   -0.04677747 
    0.02202715 
    0.09059506 
    0.15819153 
    0.22410011 
    0.28763525 
    0.34815337 
    0.40506171 
    0.45782464 
    0.50596754 
    0.54907818 
    0.58680608 
    0.61886020 
    0.64500556 
    0.66505934 
    0.67888690 
    0.68639831 
    0.68754576 
    0.68232200 
    0.67076014 
    0.65293470 
    0.62896384 
    0.59901262 
    0.56329676 
    0.52208670 
    0.47571118 
    0.42456003 
    0.36908546 
    0.30980145 
    0.24728079 
    0.18214965 
    0.11507964 
    0.04677747 
   -0.02202715 
   -0.09059506 
   -0.15819153 
   -0.22410011 
   -0.28763525 
   -0.34815337 
   -0.40506171 
   -0.45782464 
   -0.50596754 
   -0.54907818 
   -0.58680608 
   -0.61886020 
   -0.64500556 
   -0.66505934 
   -0.67888690 
   -0.68639831 
14
1 0 64 1  Ohmic 
   -0.68672760 
   -0.68150957 
   -0.66996042 
   -0.65215468 
   -0.62821052 
   -0.59829297 
   -0.56261769 
   -0.52145499 
   -0.47513341 
   -0.42404246 
   -0.36863392 
   -0.30942122 
   -0.24697645 
   -0.18192498 
   -0.11493747 
   -0.04671964 
    0.02199991 
    0.09048309 
    0.15799629 
    0.22382406 
    0.28728185 
    0.34772693 
    0.40456726 
    0.45726784 
    0.50535451 
    0.54841539 
    0.58610025 
    0.61811820 
    0.64423435 
    0.66426590 
    0.67807823 
    0.68558141 
    0.68672760 
    0.68150957 
    0.66996042 
    0.65215468 
    0.62821052 
    0.59829297 
    0.56261769 
    0.52145499 
    0.47513341 
    0.42404246 
    0.36863392 
    0.30942122 
    0.24697645 
    0.18192498 
    0.11493747 
    0.04671964 
   -0.02199991 
   -0.09048309 
   -0.15799629 
   -0.22382406 
   -0.28728185 
   -0.34772693 
   -0.40456726 
   -0.45726784 
   -0.50535451 
   -0.54841539 
   -0.58610025 
   -0.61811820 
   -0.64423435 
   -0.66426590 
   -0.67807823 
   -0.68558141 
15
1 0 64 1  Ohmic 
   -0.68628792 
   -0.68107296 
   -0.66953064 
   -0.65173549 
   -0.62780569 
   -0.59790623 
   -0.56225276 
   -0.52111551 
   -0.47482291 
   -0.42376432 
   -0.36839127 
   -0.30921689 
   -0.24681290 
   -0.18180424 
   -0.11486107 
   -0.04668855 
    0.02198528 
    0.09042292 
    0.15789136 
    0.22367572 
    0.28709194 
    0.34749776 
    0.40430155 
    0.45696862 
    0.50502507 
    0.54805921 
    0.58572094 
    0.61771945 
    0.64381990 
    0.66383951 
    0.67764365 
    0.68514240 
    0.68628792 
    0.68107296 
    0.66953064 
    0.65173549 
    0.62780569 
    0.59790623 
    0.56225276 
    0.52111551 
    0.47482291 
    0.42376432 
    0.36839127 
    0.30921689 
    0.24681290 
    0.18180424 
    0.11486107 
    0.04668855 
   -0.02198528 
   -0.09042292 
   -0.15789136 
   -0.22367572 
   -0.28709194 
   -0.34749776 
   -0.40430155 
   -0.45696862 
   -0.50502507 
   -0.54805921 
   -0.58572094 
   -0.61771945 
   -0.64381990 
   -0.66383951 
   -0.67764365 
   -0.68514240 
16
1 0 64 1  Ohmic 
   -0.68605146 
   -0.68083816 
   -0.66929952 
   -0.65151006 
   -0.62758797 
   -0.59769825 
   -0.56205651 
   -0.52093295 
   -0.47465594 
   -0.42361474 
   -0.36826078 
   -0.30910700 
   -0.24672495 
   -0.18173931 
   -0.11481998 
   -0.04667184 
    0.02197740 
    0.09039056 
    0.15783494 
    0.22359594 
    0.28698981 
    0.34737452 
    0.40415865 
    0.45680770 
    0.50484790 
    0.54786766 
    0.58551695 
    0.61750501 
    0.64359701 
    0.66361020 
    0.67740994 
    0.68490631 
    0.68605146 
    0.68083816 
    0.66929952 
    0.65151006 
    0.62758797 
    0.59769825 
    0.56205651 
    0.52093295 
    0.47465594 
    0.42361474 
    0.36826078 
    0.30910700 
    0.24672495 
    0.18173931 
    0.11481998 
    0.04667184 
   -0.02197740 
   -0.09039056 
   -0.15783494 
   -0.22359594 
   -0.28698981 
   -0.34737452 
   -0.40415865 
   -0.45680770 
   -0.50484790 
   -0.54786766 
   -0.58551695 
   -0.61750501 
   -0.64359701 
   -0.66361020 
   -0.67740994 
   -0.68490631 
