-5.742916251283660539e-02
-5.661337215754374402e-02
-5.482415488724029506e-02
-5.211066165061140065e-02
-4.855005775802290896e-02
-4.424835965898475665e-02
-3.934078802834247574e-02
-3.399103766549805422e-02
-2.838885385460138133e-02
-2.274539904156286721e-02
-1.728610447623598820e-02
-1.224102147320448551e-02
-7.833083277052951127e-03
-4.265101619718268330e-03
-1.706672836486789998e-03
-2.823741514149207530e-04
-6.262679613091930685e-05
-1.058363492712260630e-03
-3.220189982232315052e-03
-6.442150668796661067e-03
-1.056960747838868800e-02
-1.541023462859170481e-02
-2.074681185250483104e-02
-2.635041037810241862e-02
-3.199270202507756289e-02
-3.745642942524647634e-02
-4.254347575903046075e-02
-4.708038289738333132e-02
-5.092151955269629687e-02
-5.395035323048530396e-02
-5.607941543280670765e-02
-5.724957436989266263e-02
-5.742916251296256019e-02
-5.661337215766697184e-02
-5.482415488736308573e-02
-5.211066165073149209e-02
-4.855005775814121016e-02
-4.424835965910113578e-02
-3.934078802845283884e-02
-3.399103766560458706e-02
-2.838885385470083303e-02
-2.274539904165371468e-02
-1.728610447631513669e-02
-1.224102147327304525e-02
-7.833083277108571565e-03
-4.265101619759068159e-03
-1.706672836512925558e-03
-2.823741514257539385e-04
-6.262679612583822047e-05
-1.058363492691602242e-03
-3.220189982196034612e-03
-6.442150668745779893e-03
-1.056960747832498201e-02
-1.541023462851652884e-02
-2.074681185241814690e-02
-2.635041037800754660e-02
-3.199270202497659504e-02
-3.745642942513750101e-02
-4.254347575891635064e-02
-4.708038289726514114e-02
-5.092151955257399193e-02
-5.395035323036181940e-02
-5.607941543268105122e-02
-5.724957436976695763e-02
