0
1 0 64 1  
   -1.11505973 
   -1.10711353 
   -1.08948431 
   -1.06219339 
   -1.02528620 
   -0.97884779 
   -0.92302257 
   -0.85803684 
   -0.78422236 
   -0.70203896 
   -0.61209338 
   -0.51515217 
   -0.41214600 
   -0.30416362 
   -0.19243479 
   -0.07830210 
    0.03681629 
    0.15147054 
    0.26422571 
    0.37370715 
    0.47864059 
    0.57788388 
    0.67044809 
    0.75550755 
    0.83239897 
    0.90061138 
    0.95976917 
    1.00961053 
    1.04996407 
    1.08072562 
    1.10183751 
    1.11327137 
    1.11501584 
    1.10706947 
    1.08943950 
    1.06214704 
    1.02523746 
    0.97879596 
    0.92296715 
    0.85797757 
    0.78415922 
    0.70197209 
    0.61202307 
    0.51507876 
    0.41206986 
    0.30408522 
    0.19235469 
    0.07822102 
   -0.03689753 
   -0.15155108 
   -0.26430480 
   -0.37378416 
   -0.47871504 
   -0.57795534 
   -0.67051623 
   -0.75557206 
   -0.83245964 
   -0.90066817 
   -0.95982225 
   -1.00966032 
   -1.05001118 
   -1.08077089 
   -1.10188175 
   -1.11331528 
