0
1 0 64 1  Ohmic 
   -1.11505973 
   -1.10711353 
   -1.08948431 
   -1.06219339 
   -1.02528620 
   -0.97884779 
   -0.92302257 
   -0.85803684 
   -0.78422236 
   -0.70203896 
   -0.61209338 
   -0.51515217 
   -0.41214600 
   -0.30416362 
   -0.19243479 
   -0.07830210 
    0.03681629 
    0.15147054 
    0.26422571 
    0.37370715 
    0.47864059 
    0.57788388 
    0.67044809 
    0.75550755 
    0.83239897 
    0.90061138 
    0.95976917 
    1.00961053 
    1.04996407 
    1.08072562 
    1.10183751 
    1.11327137 
    1.11501584 
    1.10706947 
    1.08943950 
    1.06214704 
    1.02523746 
    0.97879596 
    0.92296715 
    0.85797757 
    0.78415922 
    0.70197209 
    0.61202307 
    0.51507876 
    0.41206986 
    0.30408522 
    0.19235469 
    0.07822102 
   -0.03689753 
   -0.15155108 
   -0.26430480 
   -0.37378416 
   -0.47871504 
   -0.57795534 
   -0.67051623 
   -0.75557206 
   -0.83245964 
   -0.90066817 
   -0.95982225 
   -1.00966032 
   -1.05001118 
   -1.08077089 
   -1.10188175 
   -1.11331528 
1
1 0 64 1  Ohmic 
   -1.12076559 
   -1.11296646 
   -1.09564829 
   -1.06879855 
   -1.03241272 
   -0.98651275 
   -0.93117102 
   -0.86653802 
   -0.79287229 
   -0.71056965 
   -0.62018902 
   -0.52247142 
   -0.41834877 
   -0.30894007 
   -0.19553328 
   -0.07955303 
    0.03748406 
    0.15402261 
    0.26852561 
    0.37952963 
    0.48569310 
    0.58583337 
    0.67895002 
    0.76423373 
    0.84106179 
    0.90898235 
    0.96769075 
    1.01700107 
    1.05681620 
    1.08709902 
    1.10784698 
    1.11907149 
    1.12078326 
    1.11298422 
    1.09566623 
    1.06881678 
    1.03243131 
    0.98653179 
    0.93119056 
    0.86655812 
    0.79289297 
    0.71059091 
    0.62021085 
    0.52249377 
    0.41837157 
    0.30896324 
    0.19555671 
    0.07957660 
   -0.03746046 
   -0.15399911 
   -0.26850233 
   -0.37950668 
   -0.48567058 
   -0.58581135 
   -0.67892855 
   -0.76421284 
   -0.84104148 
   -0.90896261 
   -0.96767153 
   -1.01698232 
   -1.05679785 
   -1.08708099 
   -1.10782917 
   -1.11905380 
2
1 0 64 1  Ohmic 
   -1.12267174 
   -1.11486782 
   -1.09753832 
   -1.07066920 
   -1.03425372 
   -0.98831108 
   -0.93291054 
   -0.86819945 
   -0.79443343 
   -0.71200597 
   -0.62147461 
   -0.52358021 
   -0.41925600 
   -0.30962391 
   -0.19597635 
   -0.07974371 
    0.03755066 
    0.15434431 
    0.26909330 
    0.38032803 
    0.48670194 
    0.58702887 
    0.68030647 
    0.76572505 
    0.84266282 
    0.91066995 
    0.96944448 
    1.01880358 
    1.05865326 
    1.08895931 
    1.10972160 
    1.12095330 
    1.12266613 
    1.11486218 
    1.09753260 
    1.07066337 
    1.03424774 
    0.98830492 
    0.93290417 
    0.86819285 
    0.79442659 
    0.71199889 
    0.62146730 
    0.52357268 
    0.41924828 
    0.30961603 
    0.19596836 
    0.07973566 
   -0.03755872 
   -0.15435232 
   -0.26910122 
   -0.38033581 
   -0.48670954 
   -0.58703626 
   -0.68031363 
   -0.76573197 
   -0.84266950 
   -0.91067640 
   -0.96945071 
   -1.01880963 
   -1.05865915 
   -1.08896507 
   -1.10972726 
   -1.12095892 
3
1 0 64 1  Ohmic 
   -1.12310925 
   -1.11530324 
   -1.09796902 
   -1.07109237 
   -1.03466628 
   -0.98870963 
   -0.93329131 
   -0.86855834 
   -0.79476602 
   -0.71230766 
   -0.62174075 
   -0.52380627 
   -0.41943781 
   -0.30975787 
   -0.19605966 
   -0.07977453 
    0.03757307 
    0.15441955 
    0.26921985 
    0.38050335 
    0.48692265 
    0.58729093 
    0.68060544 
    0.76605628 
    0.84302167 
    0.91105193 
    0.96984540 
    1.01921957 
    1.05908083 
    1.08939532 
    1.11016319 
    1.12139785 
    1.12311113 
    1.11530513 
    1.09797093 
    1.07109432 
    1.03466828 
    0.98871169 
    0.93329343 
    0.86856054 
    0.79476829 
    0.71231002 
    0.62174318 
    0.52380877 
    0.41944038 
    0.30976048 
    0.19606231 
    0.07977720 
   -0.03757040 
   -0.15441689 
   -0.26921722 
   -0.38050077 
   -0.48692013 
   -0.58728848 
   -0.68060306 
   -0.76605397 
   -0.84301944 
   -0.91104978 
   -0.96984331 
   -1.01921755 
   -1.05907887 
   -1.08939339 
   -1.11016129 
   -1.12139597 
