-1.377518558414486949e-01
-1.361975231645348172e-01
-1.327498231391750771e-01
-1.274192183092724417e-01
-1.202368742310860189e-01
-1.112729516909658350e-01
-1.006591304584820434e-01
-8.861261771636572138e-02
-7.545758127938408111e-02
-6.163876115816892265e-02
-4.772146887205741539e-02
-3.437288196867450268e-02
-2.232193597487320061e-02
-1.229921244521935998e-02
-4.963329139948254205e-03
-8.250680659357253945e-04
-1.831150708019274966e-04
-3.084479870375965091e-03
-9.318138348666538465e-03
-1.844330075983759490e-02
-2.984613078909581149e-02
-4.281307606583550224e-02
-5.660678623349160721e-02
-7.053210592154904313e-02
-8.398380184689467620e-02
-9.647284359953593735e-02
-1.076326375105126770e-01
-1.172096524912196319e-01
-1.250441500272744810e-01
-1.310465659979211106e-01
-1.351740693316009490e-01
-1.374105067013668691e-01
-1.377517313723843062e-01
-1.361973980315882016e-01
-1.327496966135408296e-01
-1.274190898499731883e-01
-1.202367435979970339e-01
-1.112728190651829374e-01
-1.006589965634636930e-01
-8.861248392580362010e-02
-7.545744969012944947e-02
-6.163863460144969331e-02
-4.772135083596577843e-02
-3.437277641288552510e-02
-2.232184703548946436e-02
-1.229914405218080799e-02
-4.963284595599221950e-03
-8.250496531066755200e-04
-1.831237636628745154e-04
-3.084515206783398911e-03
-9.318198491029508479e-03
-1.844338273154752517e-02
-2.984623083754709208e-02
-4.281319008174881008e-02
-5.660691015435773826e-02
-7.053223606224971742e-02
-8.398393512544953532e-02
-9.647297765190279706e-02
-1.076327707084549640e-01
-1.172097838883263271e-01
-1.250442792608384701e-01
-1.310466931705556448e-01
-1.351741948894395196e-01
-1.374106313180801509e-01
