#Bead    Energy (eV)
0     0.590395587296112
1     0.591399773106495
2     0.5934055378072324
3     0.5964082118287394
4     0.6004018975764901
5     0.6053794534708171
6     0.6113280386526625
7     0.6182115175426667
8     0.625923238794238
9     0.6341873576644206
10     0.6424006476884782
11     0.6494669600703574
12     0.6537862932814696
13     0.6536223253906768
14     0.6478891781543764
15     0.6369566364778004
16     0.6228394016345754
17     0.6085597185583981
18     0.5971440035023079
19     0.5908541457937614
