<simulation verbosity='medium' mode='static'>
   <output prefix='inst'>
      <properties shape='(2)'> [ step, potential{electronvolt} ] </properties>
   </output>
   <step>3</step>
   <total_steps>30</total_steps>
   <ffsocket mode='unix' name='aims'>
   </ffsocket>
   <system>
      <forces>
         <force forcefield='aims'>
         </force>
      </forces>
      <ensemble>
         <temperature>  3.16681520e-04</temperature>
         <hamiltonian_weights shape='(1)'> [   1.00000000e+00 ] </hamiltonian_weights>
      </ensemble>
      <motion mode='instanton'>
         <instanton>
            <tolerances>
               <energy>  1.00000000e-03</energy>
               <force>  2.00000000e-04</force>
            </tolerances>
            <biggest_step>  1.00000000e-01</biggest_step>
            <old_pot shape='(16)'>
             [   2.79915077e-03,   2.93159032e-03,   3.20556392e-03,   3.62736154e-03,   4.17095710e-03, 
                 4.73835527e-03,   5.17352631e-03,   5.36853225e-03,   5.27057363e-03,   4.96114929e-03, 
                 4.53120212e-03,   4.03844310e-03,   3.58057871e-03,   3.21975741e-03,   2.97766434e-03, 
                 2.85719331e-03 ]
            </old_pot>
            <old_force shape='(16, 3)'>
             [  -2.87396815e-03,  -5.37414453e-20,  -6.41607759e-21,  -2.92494073e-03,  -2.53298931e-20, 
                -1.14366358e-20,  -2.97859217e-03,  -2.60754711e-20,   2.50041085e-21,  -2.93335423e-03, 
                -2.37109486e-20,  -5.15399210e-20,  -2.66789111e-03,  -1.22007511e-19,  -6.95833096e-20, 
                -2.11246435e-03,  -1.30689373e-20,  -6.30037116e-21,  -1.28637073e-03,  -2.44616489e-21, 
                -1.16182059e-21,  -2.72269841e-04,  -3.93318013e-22,  -5.93092551e-22,   7.35590685e-04, 
                -1.21677978e-22,  -5.13779713e-22,   1.59390638e-03,  -1.90789800e-22,  -1.19120265e-22, 
                 2.21026542e-03,  -2.57606535e-22,  -5.41705134e-23,   2.55266004e-03,  -1.01489108e-22, 
                -5.06284095e-22,   2.70428771e-03,  -5.49079385e-22,  -1.04189815e-22,   2.75185424e-03, 
                -3.82201049e-22,   3.42997163e-22,   2.75434545e-03,   3.12271209e-22,   4.78006580e-22, 
                 2.74722290e-03,  -8.71588324e-22,  -3.21571256e-22 ]
            </old_force>
            <opt>nichols</opt>
            <discretization shape='(17)'>
             [   1.00000000e+00,   1.00000000e+00,   1.00000000e+00,   1.00000000e+00,   1.00000000e+00, 
                 1.00000000e+00,   1.00000000e+00,   1.00000000e+00,   1.00000000e+00,   1.00000000e+00, 
                 1.00000000e+00,   1.00000000e+00,   1.00000000e+00,   1.00000000e+00,   1.00000000e+00, 
                 1.00000000e+00,   1.00000000e+00 ]
            </discretization>
            <hessian shape='(3, 48)'>
             [   3.86869172e-03,   0.00000000e+00,   0.00000000e+00,   2.82102908e-03,   0.00000000e+00, 
                 0.00000000e+00,   6.59392600e-04,   0.00000000e+00,   0.00000000e+00,  -2.52241459e-03, 
                 0.00000000e+00,   0.00000000e+00,  -5.85003384e-03,   0.00000000e+00,   0.00000000e+00, 
                -8.46716753e-03,   0.00000000e+00,   0.00000000e+00,  -1.02935239e-02,   0.00000000e+00, 
                 0.00000000e+00,  -1.09155442e-02,   0.00000000e+00,   0.00000000e+00,  -1.00310700e-02, 
                 0.00000000e+00,   0.00000000e+00,  -8.52814351e-03,   0.00000000e+00,   0.00000000e+00, 
                -6.07253176e-03,   0.00000000e+00,   0.00000000e+00,  -3.54021984e-03,   0.00000000e+00, 
                 0.00000000e+00,  -1.71585513e-03,   0.00000000e+00,   0.00000000e+00,  -4.76917239e-04, 
                 0.00000000e+00,   0.00000000e+00,   3.00530116e-04,   0.00000000e+00,   0.00000000e+00, 
                 6.76375315e-04,   0.00000000e+00,   0.00000000e+00,   0.00000000e+00,   5.51152161e-01, 
                 0.00000000e+00,   0.00000000e+00,   5.51152161e-01,   0.00000000e+00,   0.00000000e+00, 
                 5.51152161e-01,   0.00000000e+00,   0.00000000e+00,   5.51152161e-01,   0.00000000e+00, 
                 0.00000000e+00,   5.51152161e-01,   0.00000000e+00,   0.00000000e+00,   5.51152161e-01, 
                 0.00000000e+00,   0.00000000e+00,   5.51152161e-01,   0.00000000e+00,   0.00000000e+00, 
                 5.51152161e-01,   0.00000000e+00,   0.00000000e+00,   5.51152161e-01,   0.00000000e+00, 
                 0.00000000e+00,   5.51152161e-01,   0.00000000e+00,   0.00000000e+00,   5.51152161e-01, 
                 0.00000000e+00,   0.00000000e+00,   5.51152161e-01,   0.00000000e+00,   0.00000000e+00, 
                 5.51152161e-01,   0.00000000e+00,   0.00000000e+00,   5.51152161e-01,   0.00000000e+00, 
                 0.00000000e+00,   5.51152161e-01,   0.00000000e+00,   0.00000000e+00,   5.51152161e-01, 
                 0.00000000e+00,   0.00000000e+00,  -3.00926554e-33,   5.51152161e-01,   0.00000000e+00, 
                -6.01853108e-33,   5.51152161e-01,   0.00000000e+00,  -6.01853108e-33,   5.51152161e-01, 
                 0.00000000e+00,   0.00000000e+00,   5.51152161e-01,   0.00000000e+00,   0.00000000e+00, 
                 5.51152161e-01,   0.00000000e+00,  -5.26621469e-33,   5.51152161e-01,   0.00000000e+00, 
                -6.58276836e-33,   5.51152161e-01,   0.00000000e+00,  -3.31489407e-33,   5.51152161e-01, 
                 0.00000000e+00,  -3.31489407e-33,   5.51152161e-01,   0.00000000e+00,  -6.62978814e-33, 
                 5.51152161e-01,   0.00000000e+00,  -3.31489407e-33,   5.51152161e-01,   0.00000000e+00, 
                -3.32077154e-33,   5.51152161e-01,   0.00000000e+00,  -6.62978814e-33,   5.51152161e-01, 
                 0.00000000e+00,  -3.31489407e-33,   5.51152161e-01,   0.00000000e+00,  -3.31489407e-33, 
                 5.51152161e-01,   0.00000000e+00,  -3.29138418e-33,   5.51152161e-01 ]
            </hessian>
            <hessian_final> True</hessian_final>
         </instanton>
      </motion>
      <beads natoms='1' nbeads='16'>
         <q shape='(16, 3)'>
          [   2.11403516e+00,   9.75074564e-20,   1.16412092e-20,   2.12926823e+00,   4.59580763e-20, 
              2.07504146e-20,   2.16000451e+00,   4.73108389e-20,  -4.53669790e-21,   2.20652827e+00, 
              4.30206943e-20,   9.35130526e-20,   2.26859970e+00,   2.21368107e-19,   1.26250634e-19, 
              2.34481170e+00,   2.37120313e-20,   1.14312736e-20,   2.43222029e+00,   4.43827506e-21, 
              2.10798518e-21,   2.52644695e+00,   7.13628723e-22,   1.07609585e-21,   2.62211671e+00, 
              2.20770209e-22,   9.32192140e-22,   2.71388777e+00,   3.46165385e-22,   2.16129543e-22, 
              2.79721092e+00,   4.67396398e-22,   9.82859495e-23,   2.86881941e+00,   1.84139907e-22, 
              9.18592234e-22,   2.92689838e+00,   9.96239194e-22,   1.89040019e-22,   2.97064403e+00, 
              6.93458315e-22,  -6.22327531e-22,   2.99980410e+00,  -5.66578943e-22,  -8.67286048e-22, 
              3.01436529e+00,   1.58139328e-21,   5.83452771e-22 ]
         </q>
         <p shape='(16, 3)'>
          [   0.00000000e+00,   0.00000000e+00,   0.00000000e+00,   0.00000000e+00,   0.00000000e+00, 
              0.00000000e+00,   0.00000000e+00,   0.00000000e+00,   0.00000000e+00,   0.00000000e+00, 
              0.00000000e+00,   0.00000000e+00,   0.00000000e+00,   0.00000000e+00,   0.00000000e+00, 
              0.00000000e+00,   0.00000000e+00,   0.00000000e+00,   0.00000000e+00,   0.00000000e+00, 
              0.00000000e+00,   0.00000000e+00,   0.00000000e+00,   0.00000000e+00,   0.00000000e+00, 
              0.00000000e+00,   0.00000000e+00,   0.00000000e+00,   0.00000000e+00,   0.00000000e+00, 
              0.00000000e+00,   0.00000000e+00,   0.00000000e+00,   0.00000000e+00,   0.00000000e+00, 
              0.00000000e+00,   0.00000000e+00,   0.00000000e+00,   0.00000000e+00,   0.00000000e+00, 
              0.00000000e+00,   0.00000000e+00,   0.00000000e+00,   0.00000000e+00,   0.00000000e+00, 
              0.00000000e+00,   0.00000000e+00,   0.00000000e+00 ]
         </p>
         <m shape='(1)'> [   1.83736223e+03 ] </m>
         <names shape='(1)'> [ H ] </names>
      </beads>
      <cell shape='(3, 3)'>
       [   7.44721588e+00,   4.56010455e-16,   4.56010455e-16,   0.00000000e+00,   7.44721588e+00, 
           4.56010455e-16,   0.00000000e+00,   0.00000000e+00,   7.44721588e+00 ]
      </cell>
   </system>
</simulation>
