0
1 0 20 1  Ohmic 
   -1.11505967 
   -1.05557923 
   -0.89811158 
   -0.64895768 
   -0.32610101 
    0.03681630 
    0.39509629 
    0.70541316 
    0.93721165 
    1.07534392 
    1.11501590 
    1.05553244 
    0.89805463 
    0.64888873 
    0.32602300 
   -0.03689752 
   -0.39517283 
   -0.70547988 
   -0.93726616 
   -1.07538956 
1
1 0 20 1  Ohmic 
   -1.12532588 
   -1.06584731 
   -0.90797286 
   -0.65711558 
   -0.33061272 
    0.03740089 
    0.40058901 
    0.71414570 
    0.94730105 
    1.08568526 
    1.12534381 
    1.06586577 
    0.90799257 
    0.65713686 
    0.33063528 
   -0.03737791 
   -0.40056665 
   -0.71412473 
   -0.94728162 
   -1.08566697 
2
1 0 20 1  Ohmic 
   -1.12782371 
   -1.06825558 
   -0.91011086 
   -0.65874315 
   -0.33147053 
    0.03748193 
    0.40158911 
    0.71586880 
    0.94948475 
    1.08810007 
    1.12781805 
    1.06824970 
    0.91010444 
    0.65873605 
    0.33146286 
   -0.03748979 
   -0.40159669 
   -0.71587577 
   -0.94949105 
   -1.08810588 
3
1 0 20 1  Ohmic 
   -1.12837478 
   -1.06878432 
   -0.91057468 
   -0.65908999 
   -0.33164750 
    0.03750795 
    0.40181377 
    0.71625278 
    0.94997384 
    1.08864414 
    1.12837667 
    1.06878628 
    0.91057682 
    0.65909236 
    0.33165005 
   -0.03750534 
   -0.40181125 
   -0.71625046 
   -0.94997174 
   -1.08864220 
