-1.388053576346528761e-01
-1.269668316551363918e-01
-9.638757041759393740e-02
-5.329085414513595048e-02
-1.407435462747026571e-02
-1.824891342564394692e-04
-2.052405262081432799e-02
-6.227825397237733707e-02
-1.038314014745703590e-01
-1.309018675606662685e-01
-1.388052321611937812e-01
-1.269667022135081147e-01
-9.638743697454082993e-02
-5.329073412224692025e-02
-1.407428356907726615e-02
-1.824975963197462384e-04
-2.052413659149655845e-02
-6.227837910932405852e-02
-1.038315348269580746e-01
-1.309019958252788107e-01
