0
1 0 20 1  Ohmic 
   -1.11505967 
   -1.05557923 
   -0.89811158 
   -0.64895768 
   -0.32610101 
    0.03681630 
    0.39509629 
    0.70541316 
    0.93721165 
    1.07534392 
    1.11501590 
    1.05553244 
    0.89805463 
    0.64888873 
    0.32602300 
   -0.03689752 
   -0.39517283 
   -0.70547988 
   -0.93726616 
   -1.07538956 
1
1 0 20 1  Ohmic 
   -1.06505967 
   -1.00779197 
   -0.85654713 
   -0.61812344 
   -0.31028149 
    0.03503220 
    0.37601647 
    0.67208839 
    0.89407388 
    1.02682769 
    1.06503224 
    1.00776258 
    0.85651079 
    0.61807902 
    0.31023112 
   -0.03508470 
   -0.37606587 
   -0.67213132 
   -0.89410854 
   -1.02685631 
2
1 0 20 1  Ohmic 
   -1.01505967 
   -0.96006464 
   -0.81515703 
   -0.58752975 
   -0.29463246 
    0.03326455 
    0.35712528 
    0.63899317 
    0.85108196 
    0.97834749 
    1.01504380 
    0.96004754 
    0.81513532 
    0.58750277 
    0.29460170 
   -0.03329667 
   -0.35715543 
   -0.63901919 
   -0.85110256 
   -0.97836410 
3
1 0 20 1  Ohmic 
   -0.96505967 
   -0.91239510 
   -0.77393405 
   -0.55716505 
   -0.27914455 
    0.03151325 
    0.33841407 
    0.60611803 
    0.80823109 
    0.92990296 
    0.96505158 
    0.91238627 
    0.77392231 
    0.55715004 
    0.27912725 
   -0.03153139 
   -0.33843100 
   -0.60613245 
   -0.80824212 
   -0.92991147 
4
1 0 20 1  Ohmic 
   -0.91505967 
   -0.86478095 
   -0.73287048 
   -0.52701727 
   -0.26380824 
    0.02977794 
    0.31987350 
    0.57345260 
    0.76551572 
    0.88149335 
    0.91505642 
    0.86477728 
    0.73286511 
    0.52701002 
    0.26379969 
   -0.02978696 
   -0.31988183 
   -0.57345952 
   -0.76552068 
   -0.88149684 
5
1 0 20 1  Ohmic 
   -0.86505967 
   -0.81721957 
   -0.69195795 
   -0.49707362 
   -0.24861365 
    0.02805804 
    0.30149347 
    0.54098552 
    0.72292954 
    0.83311761 
    0.86505898 
    0.81721868 
    0.69195619 
    0.49707091 
    0.24861029 
   -0.02806162 
   -0.30149671 
   -0.54098807 
   -0.72293109 
   -0.83311841 
6
1 0 20 1  Ohmic 
   -0.81505967 
   -0.76970800 
   -0.65118713 
   -0.46732012 
   -0.23355018 
    0.02635274 
    0.28326285 
    0.50870408 
    0.68046529 
    0.78477438 
    0.81505991 
    0.76970816 
    0.65118695 
    0.46731958 
    0.23354940 
   -0.02635361 
   -0.28326358 
   -0.50870456 
   -0.68046539 
   -0.78477419 
7
1 0 20 1  Ohmic 
   -0.76505976 
   -0.72224277 
   -0.61054717 
   -0.43774072 
   -0.21860588 
    0.02466104 
    0.26516879 
    0.47659349 
    0.63811437 
    0.73646198 
    0.76505991 
    0.72224290 
    0.61054726 
    0.43774077 
    0.21860590 
   -0.02466103 
   -0.26516877 
   -0.47659344 
   -0.63811427 
   -0.73646184 
8
1 0 20 1  Ohmic 
   -0.73675493 
   -0.69539626 
   -0.58760669 
   -0.42108233 
   -0.21020449 
    0.02371024 
    0.25499339 
    0.45850115 
    0.61419702 
    0.70912846 
    0.73675491 
    0.69539624 
    0.58760666 
    0.42108230 
    0.21020446 
   -0.02371027 
   -0.25499342 
   -0.45850118 
   -0.61419705 
   -0.70912848 
9
1 0 20 1  Ohmic 
   -0.72266553 
   -0.68203372 
   -0.57619000 
   -0.41279321 
   -0.20602437 
    0.02323721 
    0.24993062 
    0.44949837 
    0.60229390 
    0.69552331 
    0.72266554 
    0.68203373 
    0.57619001 
    0.41279322 
    0.20602438 
   -0.02323720 
   -0.24993061 
   -0.44949836 
   -0.60229389 
   -0.69552330 
10
1 0 20 1  Ohmic 
   -0.71551484 
   -0.67525177 
   -0.57039532 
   -0.40858569 
   -0.20390245 
    0.02299707 
    0.24736063 
    0.44492862 
    0.59625237 
    0.68861826 
    0.71551484 
    0.67525177 
    0.57039531 
    0.40858569 
    0.20390245 
   -0.02299707 
   -0.24736063 
   -0.44492862 
   -0.59625238 
   -0.68861826 
11
1 0 20 1  Ohmic 
   -0.71184687 
   -0.67177294 
   -0.56742290 
   -0.40642740 
   -0.20281398 
    0.02287389 
    0.24604233 
    0.44258453 
    0.59315335 
    0.68507629 
    0.71184688 
    0.67177295 
    0.56742290 
    0.40642740 
    0.20281398 
   -0.02287389 
   -0.24604233 
   -0.44258453 
   -0.59315334 
   -0.68507629 
12
1 0 20 1  Ohmic 
   -0.70995480 
   -0.66997844 
   -0.56588963 
   -0.40531410 
   -0.20225253 
    0.02281035 
    0.24536233 
    0.44137539 
    0.59155476 
    0.68324921 
    0.70995480 
    0.66997844 
    0.56588963 
    0.40531410 
    0.20225253 
   -0.02281035 
   -0.24536233 
   -0.44137539 
   -0.59155476 
   -0.68324922 
13
1 0 20 1  Ohmic 
   -0.70897593 
   -0.66905005 
   -0.56509640 
   -0.40473814 
   -0.20196207 
    0.02277748 
    0.24501053 
    0.44074985 
    0.59072774 
    0.68230398 
    0.70897593 
    0.66905005 
    0.56509640 
    0.40473814 
    0.20196207 
   -0.02277748 
   -0.24501053 
   -0.44074985 
   -0.59072774 
   -0.68230398 
14
1 0 20 1  Ohmic 
   -0.70846874 
   -0.66856902 
   -0.56468540 
   -0.40443972 
   -0.20181157 
    0.02276045 
    0.24482825 
    0.44042573 
    0.59029923 
    0.68181421 
    0.70846874 
    0.66856902 
    0.56468540 
    0.40443972 
    0.20181157 
   -0.02276045 
   -0.24482825 
   -0.44042573 
   -0.59029923 
   -0.68181421 
15
1 0 20 1  Ohmic 
   -0.70820573 
   -0.66831958 
   -0.56447228 
   -0.40428497 
   -0.20173353 
    0.02275162 
    0.24473374 
    0.44025766 
    0.59007703 
    0.68156024 
    0.70820573 
    0.66831958 
    0.56447228 
    0.40428497 
    0.20173353 
   -0.02275162 
   -0.24473374 
   -0.44025766 
   -0.59007703 
   -0.68156024 
