-6.094535906279401061e-02
-5.467244662494047391e-02
-3.966498479085461132e-02
-2.075917162511990710e-02
-5.250020351123943496e-03
-6.711545670120986013e-05
-7.707980406690134387e-03
-2.452204396178120013e-02
-4.317771824883189641e-02
-5.672526290914262082e-02
-6.094535906214634119e-02
-5.467244662431119256e-02
-3.966498479028647550e-02
-2.075917162467961000e-02
-5.250020350890714262e-03
-6.711545672801639292e-05
-7.707980406970430139e-03
-2.452204396225338145e-02
-4.317771824941658149e-02
-5.672526290977773084e-02
