          dc
     0.00000000000        0.231032055622        0.231032055622        0.231032055622    
    0.231032055622        0.353903857962        0.353903857962        0.231032055622    
     0.00000000000        0.231032055622        0.231032055622        0.231032055622    
    0.353903857962        0.353903857962        0.231032055622        0.231032055622    
     0.00000000000        0.231032055622        0.231032055622        0.353903857962    
    0.353903857962        0.231032055622        0.231032055622        0.231032055622    
     0.00000000000        0.231032055622        0.353903857962        0.353903857962    
    0.231032055622        0.231032055622        0.231032055622        0.231032055622    
     0.00000000000        0.353903857962        0.353903857962        0.353903857962    
    0.353903857962        0.353903857962        0.353903857962        0.353903857962    
     0.00000000000        0.197244964989        0.353903857962        0.353903857962    
    0.353903857962        0.353903857962        0.353903857962        0.197244964989    
     0.00000000000    
          dw
     0.00000000000        0.121909714310        0.121909714310        0.121909714310    
    0.121909714310        0.189148319284        0.189148319284        0.121909714310    
     0.00000000000        0.121909714310        0.121909714310        0.121909714310    
    0.189148319284        0.189148319284        0.121909714310        0.121909714310    
     0.00000000000        0.121909714310        0.121909714310        0.189148319284    
    0.189148319284        0.121909714310        0.121909714310        0.121909714310    
     0.00000000000        0.121909714310        0.189148319284        0.189148319284    
    0.121909714310        0.121909714310        0.121909714310        0.121909714310    
     0.00000000000        0.189148319284        0.189148319284        0.189148319284    
    0.189148319284        0.189148319284        0.189148319284        0.189148319284    
     0.00000000000        6.080029805686E-02    0.189148319284        0.189148319284    
    0.189148319284        0.189148319284        0.189148319284        6.080029805686E-02
     0.00000000000    
          mm  2512  1332
      coeffs
     18.3687247418         4.12003419519        -110.958174035        -6.31233875343    
     19.3977089261        -2.11027464466         2.71782480295        -19.7581562596    
    0.534297545977        0.985535978259         1.42634669887         39.5581733333    
    -6.78369615372        -4.91467707005        -6.80744637918        0.947054153953    
    -2.36766153330         2.06899326007        0.239737657545         3.70977850339    
     1.88603132867        0.224639798133        -3.53004986985       -0.475244479292    
     2.10658528678        -4.21592527024       -0.454146243527        -1.69947881781    
     7.54936469449        -1.34344523290         1.85330702038        0.817674338682    
    0.516431093966         9.49717714570       -0.739363077633        -2.74328115097    
     1.13702019050         5.95990781921         8.15163700811        4.493000028676E-02
    -13.1503221543       -4.601865370837E-02    -1.16539454208        3.272748483055E-04
     4.27016638025        0.672834774268        -3.24471969213       -0.372381302257    
   -0.134731368050         1.63990410999        -8.86642070873        -3.05628691211    
   -0.631025689309        0.161863921727        -7.36179176839         1.85276734455    
     1.50628479372        0.218481846774        -194.555337820        -8.42174497191    
     67.0589425824        -11.1403612635         2.05516496698        0.612724911804    
   -0.396997868573        -17.4769870048       -0.485320898722         12.0232024236    
    -1.36943057306        -11.7287041117         69.0377886090         33.1162478246    
     16.0892644861         7.18428206095        -4.18614191608         16.0058587155    
    -2.49247355286        -41.9756611769         13.2405879642       -0.268768847066    
    0.374403417629       -0.156537854690        0.853302837391        -1.45677258650    
    3.032300498335E-03   -0.128057669399        0.549707747298        -2.97735711027    
    -1.07303954971         1.04808484519       -0.241317492649        9.495242090019E-02
    -4.75335920219        0.650237776988        0.646629088529       -0.478724424692    
    0.906123208627        -3.57318832565         6.98927192298        0.872073657945    
     2.14081276173        -11.6815592215        0.693713034190       -0.643043816426    
   -0.475995445393       -0.370462083409        -5.50328292715        -3.66996785597    
     8.51546390742        -3.69184194026        -5.63935777658       -0.239561388064    
    0.911127462886         12.0092135156         1.05566230303         1.79329213224    
    5.543286442803E-02     1.49861810331         3.24038940982         4.43622627617    
    -2.55031308804        -2.39708285896        0.200343114214        -2.08203453592    
    -9.42307668485        8.117966894921E-02    0.935902160681        -2.25195298876    
     2.62393965639        0.575259935802        0.784344737301        -6.86813837336    
     5.40513672839         2.55211749307        -5.22289614922       -0.496430080834    
    -1.06883174924        5.293055978468E-02   -0.246234436406       -0.956460515707    
     2.89694519592        -2.09780877269         1.19108403777        -1.30843573909    
     2.41180777322         2.55673424855         1.23770857365       -0.177601898901    
     1.98869673860       -0.218942533530        -1.42495129719        3.244824713953E-02
   -0.231737286290        0.217169395930         6.36601133050       -0.308791291168    
   -0.468197744660        -1.13142816111       -5.133026447702E-02    0.197511214661    
    0.234861112741       -0.308826853058        2.292711155854E-03    8.779809977873E-02
    8.365847858396E-02    0.681090141613        -1.09195456295        0.727804252951    
   -6.213776525946E-02    8.887173885662E-02   -8.466569373781E-03     1.75504450293    
   -4.607154249042E-02    0.272445188536       -0.207698309951        -16.1473933014    
    0.573977660188        0.712223080339         4.80675313450        0.359445694252    
   -0.856203654023        -2.09627557147       -1.409931247934E-02   -0.384662259276    
    -1.07377822610       -3.466367943995E-02     5.28850618719         12.2850707299    
   -0.341852450407        -2.16075207900        7.202011748734E-02    0.309327819198    
    -16.7918096069         4.47116144847        -4.17410032786        0.981094039669    
    3.182503676147E-02   -4.370149914074E-02   -0.114215848270        0.346801621607    
   -1.447900513607E-02    0.457153513501        2.303740587807E-02   -0.293177283763    
    -1.31980911880       -0.667742423352        0.434171333694       -4.341046647839E-02
   -7.120633724809E-02     1.43040404509       -0.406918828788        0.491567025385    
   -0.162792202557        0.417829216338       -0.151447545581        0.254261486421    
   -6.094098446964E-02    0.757364701599        0.939767558881        -1.25659506720    
     1.06957325748       -0.348045658168       -8.302643439485E-02    0.378201429226    
   -0.124018566946       -8.850997726065E-02    0.386896375544       -0.543196104483    
   -1.916785090866E-03   -0.791601527926       -0.139326811997         2.05827838776    
   -0.930912645522        0.149092960572        0.214296461120         1.14596170380    
   -0.468348010288        5.358126388218E-03    0.923522390554       -5.430825414843E-02
   -0.595595684205       -0.862769051979        6.021177481791E-02   -0.358722486761    
    1.812511299604E-02   -0.765689099267        0.787656194239        6.323153749952E-02
   -0.381828377362       -0.795439734158       -0.208719432981         1.13508437649    
    5.810313324736E-02    0.122767491810        3.995570561960E-02    0.181101483007    
   -5.514816857095E-03    0.198411560469        8.244800525288E-02   -0.237387574975    
    0.138092520490        -1.30271867319       -0.649484372647        0.508980234936    
    7.005289426679E-02    0.191156666769         13.9471341689        -1.20709681342    
    -3.31934818635        -12.0587716827        0.410698853759        -2.40851344378    
     7.24886174860        -1.01388617014         5.78721682185       -0.938600190226    
    0.256604871925        -8.49515356064        -7.74958379233         7.62120005896    
    -5.59412240170       -0.122430762182        -2.51369390948         22.2496023723    
    -4.70559305731         3.80151292400         1.91307885093       -0.323151581534    
    0.531595461721        2.650368280935E-02     1.41417022422        -3.22523622100    
   -0.520943208203       -0.128974941285         1.53899835531        -4.02030203474    
    0.234034194646         1.86000810689       -0.285112679630        0.442409202127    
    -1.19982047771        0.709572130998        0.986081137219       -0.711513812422    
   -0.995528197260        -2.96419875540         3.39855033138       -3.713941818210E-02
   -0.961133095518         2.43712661732        0.920432000202        -1.39878032033    
     1.76124276179       -0.141503062636         4.91483042950         2.58328580612    
    -1.37971312845         2.32971894606       -0.845724341319        0.151404932352    
    0.830969479159         8.77889909441       -0.806107216187       -0.836388305160    
    0.671962505781        0.147658385875        -8.64247327473         2.51963212921    
    -2.20577182164        -3.82301417432       -4.303174113094E-02    -3.75489489338    
     8.28619023844       -0.639828693612        0.390644672622        0.346700878802    
     4.52367812687        -7.52493973340       -0.397881246845       -0.472331047046    
     8.22995382034        -1.78645401255        -9.45262084506        0.316826492824    
    -1.30207907127       -0.863705012467       -0.660510838740        -2.08996255525    
    -2.65545670522        0.856780350593        0.473914545570        0.539086344786    
     7.83591133213        0.736252574238       -0.328975157252        -1.27989415925    
    -2.79104852448        2.327893952310E-02   -1.442674967594E-02   -4.066394357169E-02
   -0.339630601910        0.533069255336       -0.100904373793        1.529538897194E-02
   -1.799870703670E-02     1.13097868116        0.307591052737       -0.344811891483    
    5.017507711067E-02   -2.602567092576E-02   -0.914780587616        0.286511171755    
   -0.435301363787        0.248552912030       -0.195110496543         1.71545602552    
    -2.06770483041        9.593291200610E-02   -0.631075664700       -0.475390845198    
   -0.160088664231        0.390032720484       -0.221773008536        0.199689015676    
     1.07081095762       -0.689636851195        0.437559852435       -0.871088619137    
    0.876711320614       -9.259489239967E-02   -4.261783406138E-02    -4.55619968798    
    -1.36150463252        0.763935039072       -0.207120067062       -0.193270708104    
     3.11031582208       -0.820287550101         1.55548420342        0.500328123347    
    2.015043287878E-03    0.424242463864        -1.23496172227        0.111832713943    
   -0.212210161973       -3.039593970458E-02   -0.669406793599         1.14140975063    
    0.398639780370       -0.177971514592       -0.999752152494        0.105234713441    
     1.64909209529        0.266284719490        0.145830599555        0.255171910908    
    6.779648933228E-02    0.288624737086        0.508766626002       -0.308773130625    
    8.873850567493E-02   -0.220715014860        -1.70076302297       -0.300144713469    
    0.309118506096        0.425621030549        0.494140717810        0.408186340013    
    7.064290808865E-02    -1.65831913444       -3.162918504132E-02     1.43573409085    
    0.181764449770         1.75425861179       -0.327908815599       -0.494630349565    
    0.199750789029        -2.63015904188       -0.728405668684        0.886679484472    
   -0.226011730916         1.72492714399       -7.624104708336E-03    0.137939594929    
     1.35559912185        -3.06654544633       -0.256490456317        0.957736133797    
   -0.303332055956        0.252742101176        0.391027979031        -2.15132555908    
     1.32590447934       -1.445267580943E-02    0.303922757043        0.192524018664    
    6.258184569023E-02   -0.235453253356       -1.082608948995E-02    0.102661799009    
    -1.93967918794       -0.133622910431       -8.971528190122E-02    9.861364657801E-02
     1.07319976948       -0.836006139582       -0.900797452546       -0.220392966640    
    0.348998572477        7.856393492297E-02   -0.237874102611       -5.988560238931E-02
   -6.367529047626E-02   -0.191364906604        0.161384104363        0.889788217883    
    0.317394072353       -0.787828163971        9.290186796931E-02   -0.262930630293    
   -0.680602027292        4.169186121871E-02   -0.231847040716         4.04349935039    
     4.62447425986        -2.71153384210       -0.176624719775        0.407725390497    
   -0.993676831974        0.400753436350        0.428741367102       -0.638493566837    
   -1.773047078191E-02   -0.218056537952         2.73042572584       -0.192085990714    
    0.505129489458        0.275417957129        0.172167610100       -0.403029151223    
   -0.419777209720        0.599522170797       -0.245390022909        -1.02468889414    
    -1.15863323092        0.132078730432        2.676513969947E-02   -0.693353382432    
    0.176142456442        1.857559801045E-02    -1.03234624149        0.410517251412    
   -0.299630369566        0.667177792395         1.94654478556       -0.450739823649    
   -0.573883759921        -1.38756818944        -1.47555146809        2.020376824897E-03
   -0.211305020396        0.145452170213       -6.366250394650E-02   -9.346716059703E-02
    4.600727354769E-02   -4.629363729338E-02    0.291715201041        4.422026091442E-02
   -0.216707829869        5.890676486463E-02    0.625377069911       -0.554796222192    
    -1.81175634939        0.780583142488       -0.534570465529       -7.485017899389E-02
    -3.83962021848        0.283778155809        0.792727371410        0.664197404730    
     1.01347933220        -4.64154945310       -0.904632225849        5.967639023311E-02
   -0.801287718107        -1.91457577666         1.33286549152        -1.63814097380    
    9.367320829281E-02    -1.11002637404         2.50190773669       -0.877371868133    
    3.579757731575E-02     2.62840239743        -1.17292834792         2.67161647567    
    -2.76277091160        0.695273372973        0.218978617926        0.758456299163    
     1.11187996147       -0.941429277478        0.316737020486        0.479640489241    
    8.623037734080E-02   -0.161935297399        0.561548803189        0.152227724676    
   -0.444595450769        2.243087312860E-02   -1.969785823364E-02    0.843271985586    
   -0.133256161743        0.350933739894       -0.323474570232        0.483421280657    
     1.00794301840       -0.322759072637        1.396405754493E-03     2.53729838634    
    -2.67856424538        0.441223083703        0.993513580748        -1.14622977742    
    0.619333865375        -1.10604539905       -0.508012260986       -0.409500764253    
    2.013639405583E-02    0.224837300045       -7.544483317426E-02    0.125165926123    
   -1.832422382589E-02    0.124021599590       -0.419992755920       -3.042581242635E-02
    0.590154310075        0.360555340295       -8.295018259111E-02   -0.360814165618    
    6.082767769493E-02    0.148884395639        0.968272105953        0.438660246701    
   -0.232974871950       -8.105607232302E-02   -0.318055730274       -6.365941914042E-02
   -0.348398476048        0.396186862666       -9.334108801884E-02   -2.146755333576E-02
    9.150939640839E-03    6.745385504130E-02   -2.673205177943E-02   -4.725812045759E-02
   -6.473457471656E-02    4.240466908494E-02    0.310322711277       -0.103529619856    
    1.867878537710E-02    6.175436375600E-02   -0.506372830357        0.348469226094    
    0.384471520326        1.405090793269E-02    0.228922975067        0.120621991602    
   -0.257143729222        9.810872759520E-02   -2.447368711969E-02   -0.570913262438    
    3.408887481206E-02    0.357120771670        7.715091684624E-02   -1.089519438124E-02
   -0.147909373112       -0.105551016855        0.365238265122        9.694576037776E-02
    0.485897449242        4.814796949363E-02   -2.699196252939E-02   -0.216827974343    
    0.135393176773       -9.503935638625E-02    0.308240070911        0.131035123444    
    3.404267220033E-02    9.142381089870E-02    0.130671242506       -0.292451071384    
   -9.060307217721E-02    0.350607058699       -4.774730729156E-02   -0.104763298437    
    0.588943018065       -9.201384240777E-02    -1.49726606907        2.803492474653E-02
   -0.103726727540       -4.155450185480E-02   -0.275596465653        9.220492857820E-02
    0.194481700090        2.234420871495E-02   -0.530046209214       -0.209611718050    
    0.629883881348        1.898085782543E-02    4.682408769775E-02   -8.821334568429E-02
    0.753939985286       -0.197393668761        3.044100388641E-02   -4.845651848050E-02
     8.07772675322        -2.35395720122        -6.84447937263         5.28301652875    
   -3.342712952918E-02    3.265575473264E-03    4.262322184358E-02   -0.285735665161    
   -0.115491220673       -7.398744076876E-03    0.117044282510        0.700279700763    
    -1.40964165884       -0.376960241049        0.687859603177        0.159807320908    
    0.288688977052        -4.07446365089        0.191059908472       -7.863753977782E-02
   -5.299179733272E-02    1.306008882220E-02    1.734032078113E-02   -5.849830735973E-02
    0.297405544987        3.451784923183E-02    3.986782834301E-02   -4.322192853789E-02
    0.395328749315        0.759158095798       -8.998535957144E-02   -6.071404613360E-02
   -0.108965034897       -4.286816019790E-02   -0.960701343211        5.805253170805E-02
   -1.921785963105E-03   -0.123748261314       -0.414426289444       -0.864982478991    
   -9.185844253669E-02    1.258443615329E-02    -1.16076576935         1.89052987620    
     1.18015094292       -0.603283302508        8.559346324115E-02    6.030631957703E-02
   -9.628368699124E-02    0.997299788041        0.183439682196        0.130194342782    
    2.931383804340E-02    3.949192542898E-02    0.170211781798        -1.14156159282    
   -0.605842418664        0.432194217155        0.192219157741        2.483215653785E-02
     1.52814562664        3.715469118231E-02    0.215407011301        9.788967149092E-03
    2.493769121148E-03    0.363567546934        0.283281350309       -5.022002153193E-04
   -4.813260235889E-02   -0.127339151907       -0.346054621107        0.450905223043    
   -7.332090726733E-02   -0.629270430418       -0.405346316734       -0.243737288977    
    0.409835780502        0.282925726342        6.204613706585E-02   -0.204830748051    
   -9.589068559631E-02    0.129205178049       -0.162725737715        1.355262072972E-03
   -0.111328033094        3.013617382825E-02    0.187160276519       -0.148581083612    
    0.229053893962        0.245755809081       -0.226074973228         4.10254831532    
     7.60284642164         1.36608457451        -15.4755062182       -0.152712880843    
    -2.79686444252        0.688375144583         11.4851364985        0.160762076261    
    -2.58349364473       -0.349295343389         3.18071847096        0.177088402797    
    -19.8106892281        -4.29194122813        -1.90539949777       -0.333169639421    
    -11.1811568129         2.74100529056         5.34489032786       -0.494330754033    
   -8.112747999315E-02   -4.723117127171E-02    0.472595177469        0.490219780002    
    -1.08130353739        2.397195716934E-02    7.132676706750E-02    -1.75214088311    
    -5.88238407983       -8.595420083179E-02    0.371262587974        1.165944784382E-02
    0.237472050446         6.63670843401       -0.140557646876         2.32941379948    
    4.709367285566E-02    -2.47619370098        0.212990063655        0.841381363231    
   -0.463096023000         2.14250277859       -0.156260734895         1.13441681739    
    0.518746284603         1.05741563454       -0.496006864572         15.1047154297    
   -0.414624159846        -6.87212775580         2.02319152810        0.341997105996    
    0.467418382304         4.36088740672         9.75421428555         3.40421260074    
    -3.95051706535       -0.125041578505       -0.398516123128        -10.8002647362    
    0.378371447832        -1.20103390941        0.167829872885       -6.787758923357E-02
   -0.347000114586         3.13203477772       -0.145668954420        0.241552963338    
     1.46449636351         1.63526863598        0.412014493813         1.58241412019    
     6.07126081900        0.319593743871         1.60901182536         1.78597559268    
   -0.161458749584        0.190318078690       -0.209378395229        0.136317448420    
   -0.548047978148        -1.13260082773         1.15254597217        0.419923885383    
     1.03868870536       -0.505047737197       -0.365116509411        -2.20119062867    
    -1.83261010513       -0.565960238590       -8.358932749303E-03    1.607412886871E-02
    1.861180221203E-02   -1.041936781128E-02   -4.977818808817E-02   -7.416103940756E-02
   -4.865205066424E-03   -0.105860363954        0.401535800907        0.194030166199    
   -9.053579785362E-02   -3.795942406735E-03    3.139340529721E-02   -0.211271937090    
   -6.255340601277E-03   -8.054375986880E-02    4.921006461259E-02   -9.014451157847E-02
    0.225938741346       -7.608856471203E-02   -3.696213512864E-02    0.538763938770    
    0.689696206422        0.523059045795       -0.176544131902        3.692098643743E-02
    0.111440929697       -2.503276949621E-02   -0.899332487097       -0.309989377828    
    0.188402232267        0.203122118103       -1.532684399136E-02    0.200808400333    
    -1.07961330767        -1.72719378039        0.617548619130       -2.117240789326E-02
   -0.203443087835        0.665093539040        1.632721109688E-02    0.284884365497    
   -0.232990473041        9.819760659581E-03    5.687657895999E-03    0.425905154307    
   -7.872605140693E-03    8.603689563958E-03    1.449374129917E-02    0.376550086124    
   -0.597136532897       -0.186704716827        0.234240955171        0.456906165912    
    5.544724406839E-02   -0.556653166841       -0.117392437487       -3.317144979723E-02
    0.262154445372        9.271954035983E-02   -1.497274371336E-02   -0.199181088700    
    4.683320939011E-02   -0.147397826760       -3.508600069704E-02    2.711288547727E-03
    2.971093398042E-02   -0.101458427253        0.185691670179       -0.223303109240    
    0.121226933533        0.159169247028       -0.260066190027        8.525120054089E-02
   -0.217594762962        -2.36435494569       -0.911021164730        0.403645411558    
   -0.145483421698        3.994333320295E-02    0.675663035245         1.09337782741    
     1.42722910484       -0.973188483866        0.432692127807        3.419937243503E-02
   -0.643513194518       -0.392794725580       -0.228614391714        0.789550504942    
   -7.004647112813E-02   -5.725314394950E-02    0.116702913488         2.37861848200    
   -0.390799867754       -0.108717867053        2.544248816831E-02    0.272650468907    
    0.104839021234        5.712579259746E-02    0.206560202345       -0.142822940921    
    0.631817772307        -2.07228938410        -1.57906654483        0.482893832261    
    0.240072054533        -1.03789006150        -2.65807841507       -0.748935007026    
   -0.382374095828       -0.298758626688       -0.166508832746       -0.221936270623    
    0.616061738306       -0.515771967695        0.517011508310       -0.390405590126    
   -0.292189999088       -8.793563500622E-02    0.254293603711       -0.133853899894    
    0.742636914942       -0.586847586849        1.372008433225E-02    -1.03156651955    
   -0.547853250647         1.07388623140       -5.286124052749E-02   -6.247534999116E-02
    0.290884410901        0.842587514848       -0.117444419229        0.273925723488    
    0.239282280410       -3.143989067538E-02   -0.274111262385        1.316648310485E-02
    2.136122218828E-03   -0.164354875014       -5.265399372043E-03    -1.12933522153    
    0.709646430879        0.561750447841       -0.632772651730       -0.408909141302    
    0.194993281862        0.895341233245        0.144339836397       -4.645937188337E-03
   -0.570530098338       -0.148160937959       -7.352821195786E-02   -4.611551758150E-02
    0.196577617099       -0.155635093071        7.921777632513E-02   -0.589311490458    
    0.169475699918        0.333109423981       -1.337916951538E-03    9.832283511848E-02
   -8.401913486259E-03   -7.710943266427E-02   -0.144369843864       -0.385593054346    
    0.189828239703       -3.790456996233E-02    6.226263504854E-03   -5.076234160551E-03
    1.671075909547E-02    2.609792355098E-02   -1.860958464875E-02    0.700900424505    
    0.388713796662       -0.110475707843        -1.18564295609        0.177007098164    
    0.357319090844        -1.56082641490        0.208016678231       -0.493677984632    
    7.936259577416E-02     4.57438845580         3.92130640634        -3.36729621749    
    0.332795865678        0.158239715097        -4.48134184228       -0.178321944745    
    -2.51708821714         1.52622996917        -1.48112359127        0.307732297917    
    0.226954849391       -0.413558866793        -3.08428694430        0.500947488228    
    -1.80445636633        0.967654004718        0.488827750222       -0.176914587195    
    8.333931580190E-02     2.48085673602       -0.328294852870         1.12989667932    
    -1.38910474779        2.158085918097E-02   -1.870935877654E-02   -0.266619156244    
    0.129138566073       -0.224605264749        0.286749392113       -1.067473765592E-02
   -0.207112800874       -0.156984711020        0.110598062835       -8.664599686618E-02
   -0.138793214325        -1.87322491469       -2.222910987537E-02   -1.304497600735E-02
     2.89053545928        0.125970511700       -0.315830117894         1.78204858349    
   -0.467915641081        0.614192823167        0.284495786071        0.102280538865    
   -0.510980688924       -3.059552518621E-03    8.225465598772E-02   -0.174785907601    
    0.234411546500        5.118037149768E-02    0.251756408551       -0.543504662954    
   -8.515001312597E-02   -3.357233753493E-02   -0.107390397989       -2.359425194085E-02
    0.613882322231        0.172832994866        1.872003469280E-02    0.454093224485    
    6.901057233850E-02    3.616708608060E-02   -0.148362844364        0.121479819619    
   -5.861354923691E-02   -0.129009439992       -0.825469458518       -6.022376047825E-02
   -8.564900704608E-03    0.108811955386       -9.062785730073E-03    7.350815547513E-02
   -1.994964662013E-02   -7.471488556422E-03    0.109518526831       -0.132587467442    
    7.879312566818E-02    0.202071221806       -4.649583748685E-02    8.950814160032E-02
   -0.113519195620       -0.214616728925        0.134801676336       -6.417069622686E-02
   -3.991371474265E-02    0.336207768452        2.778517092001E-02    9.048891689454E-02
    0.172211455377        6.447206763622E-02   -0.123535393464       -5.450880612827E-02
   -7.479268457632E-02    0.153825896871       -0.109625967750        9.977588336464E-02
   -7.780133734252E-02   -0.254622172511        7.124928493154E-02   -0.142030974783    
   -8.578943214237E-02   -0.226497686770        0.348458167822       -0.160908546016    
   -0.213771682494        0.286348166371        7.153392654910E-02    -90.8759095060    
    -1.41399543126         33.4336182903         4.05574989897       -0.104415466328    
     3.10421244049        0.738817607450        -13.5885723486        -2.69935497180    
     3.98379527038        -1.99293894682        -7.98332704437         47.2172224873    
     24.7612309418         15.1849760992         5.43314078689        -1.72644708197    
     17.3023588576        -1.73213914647        -34.4345549910         9.61314358423    
    5.120953735441E-02    0.272251481067        -1.95289809629       -0.381713150989    
     1.34501096297         1.98671985049       -7.314588338540E-02     2.57692846011    
     3.88780396281        -2.18257202760       -0.265674800438        0.134836067070    
   -0.500588821345        -14.6107171082         2.48219895902        -2.46894649140    
    0.778524298532         2.87504304139        -3.08488400459         6.81314654825    
     1.89595757259         6.28773095182        -18.9076626808        0.933270498595    
     2.08376898285        -2.29035016400       -0.105356898347        -14.2702725259    
    -10.8931608696         15.3485322455        -5.97020666223        -10.6394375319    
   -0.747134944400        -4.79703251688        -4.60731355811        -2.68156640820    
     5.17341900427       -0.763065212363         4.08907798356         21.4351463549    
     3.69318401321         1.52129630803        -5.02087332922        8.182563769450E-02
    -2.65250044775        -22.0536487174        0.642892708878        -1.55558753383    
    -5.22359882064         5.49885162069         1.51724097627       -0.264488823372    
    -11.2699301341         6.37647373319         7.64743177646        -7.01460107680    
    -2.36364486462        -1.41851066497         2.17099239166        0.277027492026    
   -0.830762252637         7.92869319092        -4.58507507124         1.62790703298    
    -3.69956390967       -0.236947949740         2.90875501021         3.83522145272    
     2.28941813403         5.84141246346        5.486812226818E-02   -4.811441278396E-02
    3.223066325548E-03   -0.134183022075        0.556579888404       -2.345127643546E-02
    5.569461851782E-04    3.535163749082E-02    0.720530696994       -0.114025167615    
   -0.367514004629        1.232479018747E-02   -5.329710672804E-02    0.714978648801    
   -0.126206974378        9.446503257608E-02    0.233172723158        0.351095826803    
   -1.950845154939E-02    -1.15538849380        0.333301732065       -0.570157775696    
    -2.24243487887        -1.29557301918        0.964738613158       -0.224120683041    
    9.410029959450E-02     4.13346621291       -0.773870869429        0.764778341449    
    -1.82344920577        0.622859132763        7.792606441517E-02   -0.761197059030    
    0.465953042488         2.62485184636        -1.07710613992        0.149793589407    
   -0.114669349938       -0.497854881892        0.300157655363        -1.28731953512    
     1.78847819603       -4.227806502337E-02    0.754540553725        -3.71912622098    
    3.773542574354E-02   -0.157282605058        0.567938870626        -1.03969391020    
     4.20278713217        0.760265695002        0.507591991545        -2.23127462678    
    0.286774022158         4.34323166256        0.721327901238       -3.870478061202E-02
    6.669923489157E-02   -4.756527024586E-02    0.291338808582        0.448959793021    
   -6.172186024429E-02    0.349210700543        0.150861467749        -3.09949584135    
    -1.12686028357        0.192726921273       -0.484005139088        0.586454846019    
    0.598989230236       -0.595625880020        -1.79330395846       -0.720570787914    
    0.350897353822         3.09225300678         1.79486179196       -0.308795261893    
   -2.166290249368E-02    0.564796547006        -10.6732654643         2.32498386942    
    -3.52077900859         4.25920236857         2.06139737950        3.376013935610E-02
   -9.904138041901E-04     4.13183604673        -3.21862754723        -3.53159761803    
    0.826021718531        -1.21281277338         2.72424203707        0.959732808862    
    0.734750023338       -0.852222787685        8.199879703516E-02    0.417581096582    
     7.76284072022       -7.967308556229E-02   -5.253160070028E-03    -1.51123550550    
    -6.90977219706         2.36343091759         2.53520559783        -3.45783438845    
    -5.86862587272       -0.799222717496         3.31530486879        0.631354369080    
     1.16762730814        -1.13927940667        9.701616520371E-02    0.203694234870    
    -2.45861619028         1.98300056143        -2.15231760053         1.85480775059    
     8.73701339528        0.934577481763        -1.80394238264        -1.13008522869    
    -3.28172933390       -0.508613699873        6.225654604521E-02    0.713581456101    
     5.58549367967         4.53051627402        -2.34551329641        0.412239275184    
    0.339656897140        -4.05827961506       -0.682257521503       -6.748032025752E-02
   -7.134188752011E-02   -0.167542432108        -1.83709820778        -1.05356327009    
   -0.360113277189       -0.478125230981        0.375869804265         3.01173666650    
    -4.23519318804        -2.54794302342         3.31452348528         2.23733715341    
    -1.28634488172        -6.33621590556       -5.972077523512E-02   -0.370936353851    
   -0.161727222678        0.355116703758       -0.307863486281       -0.655157854276    
    0.235979994397       -0.955432256171        0.306136907501        0.664841159183    
    -1.86121227159        0.520935505336         1.23659594862        -2.08973287957    
    2.414866199804E-02   -0.194425963414         1.17850300343         1.40221045801    
   -0.730471373492        0.174561966029        2.991187600398E-02    8.551265893715E-03
   -7.108125806025E-02   -0.254026521270        0.422259197693        -1.51915443570    
   -0.887591581631        0.287817603202         2.32394360700       -0.357924123017    
   -0.853904848710         7.85335799499        -1.82994277194        0.332342013561    
    0.673796219211        -8.18356137362        -18.3881413692         1.46553383860    
    -1.48624033424        -1.62292886551       -0.547563720790       -0.358301384047    
     10.3039417716        -6.03238197583         7.47873326952         1.11323127683    
   -0.600559424094       -0.444496182127         15.1460225142        -4.62508248367    
     7.46395951443        -1.16699482937       -0.335023160342        4.889178232443E-03
     1.57132513359        -2.50637942084         2.67720508849       -0.306518018644    
    0.615858634770       -8.430688757295E-02    3.809621040803E-02    0.295824355025    
   -0.295317540189         1.24244453835        -1.24231233244       -7.914470395249E-02
     2.58167733431        0.238668699800       -0.438258054871        0.545052108613    
    0.887603766568         12.4523816304        9.234997299317E-02    7.776027796406E-02
    -7.85112025359       -0.397257467751        0.572242542733        -2.18644142643    
     1.23521932352        -4.14335354775        -5.30540697105        -2.98719515369    
     3.38760448492        4.006695756841E-02   -0.656533675504       -0.281889719839    
    -1.33748982818       -0.419606982030        -2.14450370003         3.32942477413    
    0.728710404476       -6.878245525402E-02   -7.039545124789E-02   -0.937809609166    
    -2.57544922757        -1.12776461908       -0.328973965820        -3.65868017903    
   -0.783682992942       -0.385964706750       -7.515794582699E-03    -2.97061886704    
    2.180579069698E-02   -0.897428224216         4.85504272203       -0.231103410279    
   -2.623266864186E-02   -0.148094083186        0.186826353212       -0.258650433828    
    2.604845575115E-02   -1.421193626788E-02   -0.148313501964         1.31759565372    
   -0.787874493886        -1.57124223774        0.532011477440       -0.778022771088    
    0.849404542866        0.455261811546        0.738667616466        0.517834972436    
    0.411447955908        -1.83078767500       -5.712899704307E-02   -0.665654370097    
    -1.74863483386       -5.271011575668E-03    0.320559901535        0.264241041164    
    0.271073001216        -1.53300241799        0.657767982364       -0.186382364425    
    5.497734106675E-02    0.932906685249        0.386182081822         1.23416472684    
    0.300729177096         1.11128635112        -4.22950560266         1.68461999769    
     1.30784962541        0.938895929032       -0.308945811629       -2.566223791498E-03
   -4.426815393363E-03    7.992729841381E-03    3.585270675627E-02   -4.762366811379E-02
    1.971489992739E-03   -2.179618276878E-03   -2.014541932898E-02   -0.289863145376    
   -0.119291289401        6.290218951178E-02   -5.201740063886E-03   -1.184051071081E-02
    0.228793881319       -5.038349097454E-02    8.092834485949E-02   -6.792940207741E-02
    2.987065671137E-02   -0.338135201894        0.333255667017       -4.477547166498E-03
   -3.153175340136E-02    0.167073848058        1.190744134671E-02   -5.028332316917E-02
    6.824618030260E-02   -6.902922019551E-02   -0.130219302802        7.222237594539E-02
   -0.125301352683        0.148677450331       -0.101573913212        1.084695381354E-02
    9.604806765963E-02     1.02121338161        0.783741499020       -0.193299823963    
    1.509152403758E-02    0.115834825545       -0.850700234782        0.199220711139    
   -0.344200961603       -9.927386005289E-04    8.557346067988E-03   -1.566473483424E-02
    0.745880196451       -1.708572312742E-02    8.389304179891E-02   -1.120468037042E-02
    7.501117047834E-02   -0.462498550133       -0.114156108399        7.727794311263E-02
    0.143907754838       -0.103697162694       -0.564223447565       -0.121233846779    
   -6.072328030631E-03   -2.648916748044E-02   -2.459086432241E-02    2.477771164467E-02
   -0.154215293524        4.642038686196E-02    4.073082184848E-02   -1.572886148277E-03
    0.287509178081        0.161208167389       -0.175431898475       -0.128927222104    
   -0.141713201624       -7.307744796408E-02    0.133169586839        0.918459799977    
   -7.284517801878E-02   -0.387837616132        0.279958397404       -0.426920553540    
   -0.175830851405        3.206257172437E-02   -0.167242429822       -0.113777994130    
    0.161943833805       -0.357949555196        0.146362301915        -1.15414911509    
   -7.239861590429E-02    0.253396877806        -1.35124446920        0.289441283147    
    0.903006749671       -0.487972240802        0.562242046262        0.512568410903    
   -0.465294563680         1.17677778760       -0.608863809578        9.957990753650E-04
   -0.289179857252       -0.307266904666        2.573187900932E-02   -5.013730260460E-02
   -8.365349124942E-02   -0.233309197060       -0.270892560054       -0.306675756555    
    8.079691152276E-02    0.217682927175       -0.119192536659       -0.378622532153    
    4.985228261179E-02    0.374503198265       -5.887451507332E-02    4.187178707182E-02
    0.294470340009        0.172838375486       -5.328944936427E-02   -5.550425432670E-03
   -0.162533976817        4.831744811290E-02    7.564588972017E-02    0.358358414171    
    0.202356225454        0.158094357862        0.378892160270        4.703140163582E-02
   -0.113073514626        -1.80623762509        -2.22461542971        0.397705875452    
    8.167737682021E-02   -0.528113322360         1.02103553299       -0.182309448103    
    0.245865815178       -2.764686895310E-02   -9.830731075714E-03    0.209274986305    
    -1.84968960593        0.118649906653       -0.242980762456        0.179287046413    
   -0.130061553789        0.645129970534        0.498833749050       -0.607422415781    
   -0.115330403546        0.661164318448         1.22344000967        0.134672184510    
    2.181384988435E-03    0.198367522526        4.528606139281E-04   -0.137444007840    
    0.558374456431       -0.385316748974        8.510757512814E-02   -0.191852257226    
   -0.801471347200       -0.227937399414        0.264097248468        0.211397155076    
    0.729607339349        2.326995754969E-03    0.135913007856        8.930681568267E-03
    2.619429454535E-02    5.339475019735E-03   -4.665633909057E-05    1.494515720493E-02
   -0.200349244398        5.106803635712E-02   -5.986886132718E-03   -6.782400497846E-02
   -0.567718182922       -0.484901640750        0.385949812738       -6.923803911014E-02
    0.206675349571        4.054292371856E-02     1.26532477759       -0.247335718218    
   -6.177391277889E-02    0.304939382263        -1.00072649409         1.55519565188    
    0.495083107324       -1.255072514077E-02    0.482134931098         1.32041709428    
   -0.440925985905        0.677167061459       -0.595353364730        0.846383852565    
   -0.237824857486       -0.107414796896        0.601984092582        -2.09334083905    
    0.194374793295        0.330161226871       -0.570907489793       -2.552691332424E-02
    4.078621208789E-02   -0.150694062709        0.390912259593        0.101518451970    
   -0.573714557878        0.398399498155        1.607702679429E-02   -2.438263487251E-02
    1.311380457959E-02   -7.894269155658E-02   -3.021967405740E-02    3.184711016516E-02
    8.714412391887E-02   -0.659392210075        6.501784414463E-02   -5.264038258786E-02
   -0.112488634868       -0.202084740067        -1.08157449447        7.122171935971E-02
   -2.187478058217E-02   -0.430486887591       -9.922508803053E-03    0.236682090372    
    -1.71417130381        0.447570514309        1.558232651732E-02    0.203748498419    
    4.515248123131E-02    9.559531858935E-02   -1.487752843562E-02    2.005504385145E-02
    3.216873852969E-03   -0.125720738528       -0.134149827660        0.182015465590    
   -0.296311009813       -0.167755120936       -0.185269817680       -3.577237994842E-02
    0.102275234635       -0.109259506755        7.154907102995E-03    1.552200819962E-02
    1.226939622491E-02   -6.855821865733E-02    8.840252120730E-02   -4.409500765690E-02
    0.392255767233       -9.442559506354E-02    0.444603865918       -0.480302056940    
   -2.473265092523E-02    2.479990891396E-03   -0.133659712443        2.023495786156E-03
   -4.199609933461E-02    2.546741204722E-02    2.073605812058E-02   -0.149454187674    
   -0.144029277446        0.101094939807        0.116705327441       -8.743923487478E-02
    3.290025539985E-02   -5.677579214445E-02    9.703033070921E-02    0.259819800790    
    2.892336836437E-02    0.140719352232        0.119407715658        1.317288959288E-02
    0.139402761905        0.101350072279       -2.802409455430E-02   -4.302541743392E-02
   -3.687727973033E-02   -7.638082959225E-02    0.292841374875        3.539971364400E-02
    5.970433079402E-03    5.759837508914E-02   -0.139370378280       -0.197634884659    
    0.128872669488        9.436695021139E-02   -9.047296146360E-02    0.354049015272    
   -0.178998511783       -0.124123651518        0.208459770522        0.144877452977    
   -0.161568402043        0.274270960077       -8.242751054063E-02    0.153517094922    
    0.434673393799       -9.837745058250E-02   -0.876490016698        0.241961219049    
    0.106871893129       -9.114876838003E-02    0.702063827393       -0.308679626782    
   -1.648661765409E-02    -1.04724590564        -1.20584259280        0.102285328848    
     1.13366906684       -0.293322270288         2.07621949560        0.570162760349    
   -0.280207108965        0.721073827458       -0.346877839254       -6.361311267815E-02
    3.734861957336E-02     1.56008479508       -1.415549871990E-02    0.318945951397    
   -0.335075844137       -4.632255386213E-02    7.427944653376E-02    0.104220932068    
    0.470836463329         1.23334488684        0.269776803399        0.257121393495    
    6.250904193228E-02    2.238730148931E-02    0.979904364164        0.455653449279    
   -0.557891618946        0.121327449213       -3.036036377444E-03   -0.310997376636    
    0.324083846267        4.953458960262E-03    0.474756018128       -0.331367317810    
    -1.05643135511        0.124403887522        0.773529815910        0.315704358429    
    0.316525157847         2.10140007640        9.939332235645E-02   -0.254212014871    
     1.31461418696        -4.00356853955        -2.27568918261        0.609237941532    
    -1.36742360355        0.291310526908        0.265397922624       -0.479850586103    
    -1.01389193002        1.287917190193E-02    0.211806488564       -0.395957733756    
   -2.767203032969E-02    0.188652928456        0.391107559020       -9.314300430905E-02
   -0.737066341818        0.166088066797        0.932888898929       -0.408294609915    
    0.449468940866        6.850129949496E-02   -0.174242000755       -0.800566409592    
    2.476695403584E-02   -3.900648179588E-02   -0.877643231738       -0.393542242453    
    0.350345186413       -0.847465681693        0.908447599695        0.737337392236    
   -0.691230341281       -0.568238321866       -0.140633990118       -0.306582620442    
    7.416440895192E-03   -9.616429590614E-02   -0.735144988537       -4.234997651518E-02
    0.113315760611       -2.002044451662E-02    4.429561958943E-03    9.816468395966E-02
    0.171566633688        0.153886658777        8.460649427396E-02    0.863302488585    
    -1.19449877991        -2.64633380526        0.521384031733       -0.289288857230    
   -6.959346380205E-02    -2.38253327730       -0.746666332666        0.758617139344    
   -0.796574775423        -1.45692068546       -0.182886014986         1.37386847364    
    0.212504084483        7.551558827752E-02     2.97538394646         2.52764623709    
   -2.710101913762E-02     2.85080454304         1.25542076365        -4.13004884805    
    0.177747360917        0.365432065147         1.02847133380         1.52237369564    
    0.298744673894       -0.357292258670       -0.144216136755       -0.216524840972    
    0.234802667495       -3.397250947905E-02    -1.11449722074       -3.822201834286E-02
   -0.135991261228        4.481120264587E-02   -5.409078447503E-02   -2.604500164979E-02
    0.205394326869       -0.209766321196        0.664969971052        7.694700260889E-03
   -0.152906025982       -0.170757130528       -5.324774208788E-02   -0.394316825786    
   -0.183828281430       -0.730139278326        0.348099210781        2.798655459207E-02
   -7.193534864300E-02   -0.812468901300       -0.137572797418         1.40087393299    
    -1.33526782617        0.728333189569       -0.929979675922         1.54881401897    
    -2.44805321286       -8.133228213060E-04   -0.212781083934        0.884306908999    
   -0.107256562291        0.753316894893       -0.687258459851         1.20749541046    
    0.391276194767       -0.202937049626       -9.626936085373E-02    0.889719509824    
     1.19420310965        0.388607953963       -0.112590991698       -0.368430726387    
    1.442231247630E-02    1.088200349454E-02     1.05900174949       -0.807348083158    
    0.447830096825       -0.554518795530       -0.188131894139         1.10639034742    
    2.138656270992E-02    0.192122239810       -6.651743869332E-02    0.112572845017    
   -1.276028856138E-02    4.038917320338E-02    0.208985056566       -0.247750097489    
    7.043402966369E-03    0.141649977599       -0.296149811708        0.143140837893    
   -9.560272354105E-02   -0.238935204287        -1.23457664637       -0.196622314569    
   -0.353551912252       -0.200804655058       -0.106752959820       -0.191126852288    
    0.565409199351        6.982395662961E-02   -0.208427195336       -0.145753929217    
    0.118479328390        0.249285995386       -9.301125887328E-02   -0.387307800630    
   -0.148226079620       -5.634052007235E-02    0.160677570923       -0.241070053971    
   -5.203900003517E-02    9.491046147284E-02    0.551629529159       -0.181934147877    
   -7.893221195532E-03    -1.15832128321       -0.564918417769        -1.10669813799    
   -6.481370940767E-02    1.203073473735E-03     1.55394001424         5.55732259570    
    0.635484625335       -0.163266144459        0.946716389442        -1.07589119272    
    9.423044863717E-03    0.358319468348        0.705154915320        1.278688074169E-02
    0.158524943115        0.995140598857       -7.481873761433E-02    0.267350468271    
   -0.457678617418       -0.394154768424        0.606704454568        0.166463169025    
   -0.832391484304       -0.151513926771       -0.936506517464       -0.340387143531    
   -8.396062673195E-02    1.692959131526E-03   -4.407294425660E-02    6.904580059132E-02
    0.186402266091       -0.104282386954       -0.145372106329        0.178057610836    
   -0.244928130714       -0.200489285325        0.478092021306       -0.130827511811    
   -0.223727484022       -0.757724839842       -1.405072635293E-02   -7.924566632726E-03
    0.264447898199       -0.110464451494       -5.485429010728E-02   -2.912936635600E-02
   -3.376755309446E-02   -8.694167634054E-02   -7.532464432385E-02   -7.749344704679E-02
   -0.182387449489        0.196705104782        0.823754420368         1.64695661718    
   -0.199068438424       -0.236421001931        8.266985621276E-02    -2.94215673852    
    0.632190656062       -0.182863706216        3.828303818940E-02     4.72542484673    
    -4.66020009116        -3.15845025203        0.173410264722        -1.80798415849    
    -4.31809641852         1.44617625182        -1.79563496933        -3.42141051924    
    -5.06241870161         4.00542211279        0.231773706341        -2.42219957069    
     2.38765808864        0.353554216503       -0.960478547958        5.012549332512E-02
   -7.654199547348E-02   -2.919782274891E-03    0.435351868224         1.63972080293    
    -1.56566282316         1.63575109199         1.39961455539       -3.444698905458E-02
    2.440502184672E-02    0.354532485381        0.125293903296        0.135724185625    
   -0.476732994953       -0.100441262543         1.13488364300       -0.148506300736    
   -5.790050458721E-02    0.565238714616        0.275199115705         3.18397391693    
   -0.404640867526        2.639688020134E-02    0.733236858588        -1.76713382558    
   -0.614961992964        0.432317025874       -0.618604500333       -0.158497604054    
     2.23789613893       -0.525569278754         2.47192630359        2.303628521415E-02
    0.431067524004       -0.117290515312       -0.245813459700       -5.963126915903E-03
   -0.199704852781       -5.572491940444E-02    1.826479379859E-02    0.804540768147    
    0.198379574739       -0.161003594804       -0.226658046498       -0.229336731502    
    6.137413991049E-02    0.446710298115       -1.539571265519E-02   -0.152544612079    
   -0.116169808298        -1.20455192277       -9.440915569059E-02   -0.400123222179    
     1.55622734142        5.589729697983E-02   -5.378578354327E-03    0.293359663857    
    3.008162973835E-02    8.807985734644E-02   -1.585758462382E-02    7.421812922616E-03
    0.312836937560        0.278515758238       -0.112889281449       -0.281969186835    
    0.501354709192       -0.240926099938        0.124331576865        0.227086113867    
    0.731081814450        0.174888223423        0.109024974640       -0.313386424127    
    0.114275049908        8.882858114015E-02   -0.550370558028       -1.391788535217E-02
    0.315252193642       -6.113488334030E-02    0.110974622513       -0.764964851183    
   -0.160083949380        0.606886505258       -0.245845749986        0.531927819950    
    0.372427852850       -0.407654905663       -0.201683974119       -0.183635207200    
   -0.783966169787        0.357280172190        0.450431613390        0.533208040482    
    0.242297799294        3.671461035189E-03    5.585954317056E-02   -0.158621262243    
   -7.145596090696E-03    1.134671665512E-02   -2.101555173320E-03   -6.141371279629E-02
    0.103635148241        8.865422759142E-02   -0.105653921446       -8.203297711294E-02
    0.151646667045        9.288700304320E-02    3.844375912965E-02   -1.750924273186E-02
   -2.483323361234E-02   -2.652706542723E-02   -2.139577519894E-02   -1.867264583089E-02
    4.860798239999E-03    1.861284025509E-04    4.214326168514E-02    0.132131865644    
    5.757326185813E-02   -2.958801981187E-02   -2.601452399007E-02   -1.708720106427E-02
    1.066800817291E-02   -0.746445104565       -0.453052009500        7.161830195626E-02
    0.205635693770        5.347995069187E-02    0.776076226659       -0.924750912722    
   -0.882405810006        0.789147067147         1.31631885619        -1.62465336732    
    -1.04318933357       -0.607858753196       -6.204689734729E-02   -4.512691340859E-02
    0.123298194415       -8.677309995223E-02    0.489217309155       -0.388294845378    
    0.291848376666       -0.524254861106        0.494381936637        0.800234277146    
   -0.277405280486        6.657918768359E-02    0.489746594994        0.125868072160    
   -0.756610648811        -1.87137513521       -7.876138715684E-02     1.04668221067    
    0.265039908093       -0.188749446351       -0.341373543810         1.34533929077    
   -0.414515406082         2.12608511501        0.148217067802        -1.27771917538    
    0.618904323262       -2.019306393505E-02   -0.711128767598       -0.172264831304    
   -0.580752995508       -0.336771278497       -0.102619907211       -0.168168990425    
    0.795381278172         2.18421331809       -0.375389382489        -1.01129367362    
    -1.33384155430       -9.837603824017E-02    0.181457085954        -1.15713899520    
     2.56100518930        2.201717100079E-02     1.20902940762        0.125511495030    
   -0.926764093641       -0.725589359490         1.61495383231        -2.74706762725    
     1.19698470688        0.974806143617       -0.410087691167        0.766134764930    
    2.234011474595E-02   -0.136690992100       -0.346742582276        0.126458952769    
   -0.444563188188       -0.302377073208        0.670386559008        0.303568845826    
    4.404902207166E-02    0.903421397215        0.584315295891       -0.332307892934    
   -0.357098452420       -4.955734220148E-02     1.01969505817         1.10875217225    
    4.936357219663E-02   -0.367316840574       -5.090435535726E-02   -0.296496012691    
    0.302887008687       -0.535235588644        0.718755201067        -1.75659145754    
   -0.485466455811         1.13236437788       -0.121039533028        0.103890325687    
    0.335168821831        0.259545798758        0.193894707663        0.213495442715    
    0.141463373610       -0.652207504475        5.763816828136E-02    -1.56423010997    
   -0.671675338049        0.856500638230        0.936001363299        6.068295990639E-03
    3.634678099039E-03   -9.432880172417E-02    7.895791551617E-02   -2.673248505642E-02
   -1.746858678533E-02   -2.291921479718E-02   -2.464159098317E-02    0.145490069430    
    4.502473024726E-02   -1.703658422764E-02   -1.649675556253E-02    0.153247263140    
    2.674524544413E-02    6.629029982404E-02    4.346981330278E-03   -4.279034717619E-02
   -9.903433694951E-03   -2.227031093269E-02   -4.294344269355E-02    2.188909811240E-02
   -0.122573445091        0.131254442212       -1.510031232598E-02   -0.107476750464    
   -0.122644406859       -0.157853622742       -3.963098520602E-02   -6.526145762569E-03
    2.953978420701E-02    0.235638700130        3.819808334702E-02   -0.158837884219    
   -8.871794312663E-03   -2.357528383125E-02   -0.463680420491        6.113094123825E-02
   -0.236605026041        3.567131009425E-02    0.368902452652       -0.118502253167    
   -0.103528033282        3.982081684540E-02    8.518475472399E-02   -4.187320480887E-04
    0.108586051410       -3.099535927288E-03   -3.844321251265E-02    0.266252984291    
   -0.215753146546       -0.263821838037        0.125386943753        0.147736120907    
    0.316922832843        0.169877998392       -4.393739356597E-02    1.460516176439E-04
   -8.703771087905E-03   -1.041274548445E-02    0.909045176596        3.048548882963E-02
    0.241323287809       -0.311918466982         1.87888526538        7.517058375125E-02
   -8.682703319769E-02     1.12294568204       -8.916755951702E-02   -3.954344862375E-02
    9.834993245410E-02   -0.114525507738       -0.321981900859        2.167424561768E-03
   -8.379612267902E-02    8.487407387928E-02   -0.469517759542       -2.638774601274E-02
   -0.223002338438       -0.206929803054       -0.904563126784       -6.084012713729E-02
   -9.786729375371E-02   -0.156872215951         1.85635521313        0.246831881092    
   -7.843298422898E-02    0.970445997175        0.730772488745        0.356902796067    
   -0.130723211940        2.806222334826E-03    -1.11046606753       -0.272533371916    
   -0.421749425374        -2.19539206465        6.557265071230E-02   -0.318312102781    
    0.109992512714         1.58179806419        1.562296034733E-02    0.105833836963    
     2.15912872444        0.169511547630        0.296104870095       -0.183629544285    
    0.940188437873        0.378675617839       -0.202548469229        0.478431073687    
    0.301457322203       -7.228765065404E-02   -6.489265023059E-02    2.512386727790E-02
    0.672373943738       -0.177159656571        0.384879312649       -0.300311707796    
    0.100367314517       -5.247120216203E-02    3.621629264998E-02   -9.149591255790E-02
    0.725474727985       -1.559642689804E-02   -5.044608849607E-02    0.160918318945    
    0.123734861486       -0.159625214176        0.253602818189        9.353330419396E-02
    0.260305395052        0.262700207869       -0.296977451625        0.141264283375    
   -0.752424078044       -0.171986728545        0.514650022343       -0.315029682245    
    0.576833638210       -0.614272469035        -3.75820100431        0.755479993019    
   -0.263759759759       -0.214469364240        -1.32219060503       -0.136442069619    
    0.353080945816        0.630703831123        0.919058277996       -9.042067917179E-02
    0.809813151220         1.20328058430       -0.248760397337        0.908559046282    
    0.135379805605       -0.322613389074        6.313796982827E-02    0.127640926162    
     28.0999574105         22.9982807109         16.3594562503        -30.6114087963    
    -8.13209479859         94.9714272764        -79.9833546995        -70.8216577174    
    0.545526916887         29.6287376555         15.5509454009        -2.41318079748    
     12.6346111550         1.65430714475        -1.87863297702        -1.86048855159    
    -34.2118272266        -9.59153438837        -5.50017629161         36.0581295891    
     32.6568167556        -19.5643091320         15.1531245697         65.6087224924    
    -62.3927154124        -47.8713356471        -58.5945321888         20.3045332913    
     30.6214182601         22.5841819166         45.9719001120        -1.77645916773    
     4.88070821977         28.9532085897         15.9918440523        -12.3402299308    
    -27.7995205575         83.1302612906        -25.6287051262         38.7240704908    
    0.470672861048        -5.42807251548        -54.5007725639        -3.86117589245    
   -0.118578906250        -9.67979036105        -31.2470624513        -28.0674578649    
     4.38148594833         36.2269851615        -10.2535895865        0.547524108048    
    -4.16458602801         4.97878506503        -1.91261693613         5.01220478112    
    -9.36903753941        -7.35422560149        -6.76785876975        -3.16944638987    
   -0.427678009932         10.7026703060        0.587449614775         1.93928281698    
     20.3748573191         1.78579330950        3.327742187260E-02    -13.5504837162    
    -20.6414209898         5.43586626667        0.127509827363        -18.8982772301    
     4.48476594141        0.517076164546        0.673170621500       -0.749769823553    
     6.31098422628        -7.39389598909         1.08764322168        -9.67130781527    
     9.14101864487         1.33815715555         4.20990518361        -1.93155395046    
    -16.0295374504        -10.0522223329       -0.790249390391        -5.00956390052    
     21.3352257955         3.06771266096         39.0028405520        -48.0656147304    
    -37.5152016937        -6.10402093899         32.4605429816         42.6171392431    
     2.32168275910         22.8454699057        0.440298675374        0.653490690483    
    -4.78379155268        -34.6196512674        -15.6091386388        -9.88887629566    
     46.6144567882         32.3273668952        -15.5973595458        -21.4801483563    
    -35.1726174885         9.51259435960        -19.1365401045         14.4449540923    
    -1.41973632179         6.47452725151         26.6482241128         12.1734403099    
     7.53089664975        -48.9243540243        -28.0697196476         13.3085162111    
    -18.0048934946         8.92126278633       -0.758985313343         3.90363530234    
     20.6198774616         7.01157466374         4.38312581896        -28.9321017319    
    -26.8828360863        -1.33658562025       -0.123508851325        -1.37281063254    
     8.22927868857        -1.82234083414        -1.22096026927        -3.90204734612    
    -3.65797460769       -0.674296703681         1.65541416045         10.5231417195    
    -2.39047339842       -0.532203255513         6.25599988770        1.602440938814E-02
    -10.2153503499         18.6128482103         3.25124194044        -7.31340563654    
     8.97990542788         4.18152506283        -19.3441370289        -3.45587391293    
    -9.67714110631        -1.77085208368        -3.92024973555        -1.86572595994    
     17.4230550320         7.05511921800         8.29403413727         11.2559730928    
    -2.77932013255         17.3536854679        -8.89120128784       -0.456139707093    
   -0.821247069621        -5.61586357538        -7.74194089654        -4.86043359332    
     15.1970018620         8.34349961120        -11.1680665672         1.66208306948    
    -6.69938114457       -0.547323041493        -1.59030124729        -10.7918096213    
    -2.48009312249         1.56300911689         23.0629462267         9.29377696405    
    -13.5141879901        0.377205150964         1.24073814045        -6.31011846026    
     2.33612606875         1.84227122994        -3.74170126217        -2.73355188393    
     7.37652055451       -0.651541062541         1.80388464421         2.31665377398    
    -1.07373952033        -6.80517483716        0.316552734289         2.76035652072    
    -6.68290288691        0.431395070553         1.48167527969        0.473478670563    
    -1.64848107485         7.71083227818         2.49421068192         4.00370316799    
    0.494020538886         2.10747910696        0.363021030118        -4.46338673026    
   -0.779695020827         5.12016318328       -0.293337822945        -1.60496373028    
   -6.849719279836E-02    -8.64890800198        -3.49227783827        -1.58033229368    
     9.81634399375         14.7922493933        -6.33629255880        0.537360759140    
     1.05762730809        -4.74264242697         3.02655786395         1.47555390222    
    -5.52162488543        -4.82554767050         9.03434254209       -0.278706818434    
     3.27962853110        -1.92201301031       -0.169705694143        -5.57946755103    
    0.181117986763         2.00104065436        -1.71738518658        -2.15835000887    
     1.90804831693        -2.78361304338        -2.22726487929         3.13536210469    
     3.43590967624         2.43376733441         2.86721882932       -0.539646094117    
    -2.32880978611         3.90401928168        -1.74597907235       -5.850514128422E-02
    4.614802620742E-02    8.209665279880E-03   -0.213846526992       -4.907530664455E-02
    0.947718690340        0.733554366616        -1.31289605004       -5.133654900260E-02
    -2.27050177580       -0.100969171032       -2.102342281385E-02    0.720371043478    
   -0.156157743680        0.562229713397        0.203284856664       -0.507181655592    
    0.599606864328        0.173354292004       -0.234139391304         1.68175901327    
     1.02943792189         1.15647188963         1.33795626866       -0.981912792996    
   -0.459855479854       -0.140395386067       -0.946305458286       -0.356384331123    
     3.13015086524       -0.591990610396        6.651851672511E-02    -2.13210879785    
    -1.12441111701        0.354392610376         1.59526490961         8.42868515991    
     4.98071614301        -12.2801205597        -5.34977686529         5.24458124025    
    0.955724877479        0.757369463872        -5.41599763718        -4.46276969939    
     2.71277933388       -0.683677304311        -4.82961788956        -3.74782932539    
    0.855791157759       -0.194191958799        -3.65371136996       -0.876115952061    
    0.153952878145         9.97538716887         14.0589988911        -6.32890841513    
     3.32588952308       -0.681461112077        -1.72258392256        -1.12745080852    
   -0.202990245381       -0.311403629454       -0.373330948638       -9.688730086340E-02
     1.22501498135        -2.09052297222         2.96623513592       -0.673854200074    
    0.576520504498        0.844711245539        -1.29669397915         1.20605533711    
   -0.960929702385         1.54840086299         5.46862978939         1.69688921197    
    0.317949904408        0.535770337290        -6.08056770886        -1.85026269130    
    -2.27558188481         2.77840405485         1.15071820902       -0.404422525675    
    1.237444358720E-02    -2.46234257219       -0.554667040773        -1.34964316803    
     2.60792484104        0.762002174012         1.03181559020        -1.08856218110    
    -2.83728511596         4.73709984012       -0.790161880001       -0.902648450335    
     1.77072161435        0.311325006752         2.89222863960       -0.863380016883    
   -0.116664613237       -0.350950809502         1.35934641575        -6.77558092312    
   -0.438536828780        -2.38956771716        -2.37991597692         3.94523428815    
     1.11488695205        -35.3475612084        -25.0395121906        -5.13936844078    
    -41.2980871833         21.5480206060         48.4928952111         38.9699557925    
   -1.986524055639E-02     16.1157320569        -8.05446674556        -5.35126416126    
    -20.2613085356         3.92986024135         61.4497689613        -1.03010021815    
     56.8966214870        -9.60464247363        -6.05411092200        -37.9979438435    
    -2.92161271483        0.818437163790        -5.18745757959         4.58134698542    
    -32.8790271558         10.0870653170        -9.08189444516        -42.8684478477    
     39.4231332912        -9.91026386088        9.489605983135E-02     1.19481082070    
     18.9476585630         9.20945785976       -0.275602908115        -10.3433667294    
    -14.3537664143        -113.370249569         29.5544300146       -0.206110475879    
     2.98408754320         28.4508511478         2.40496931466       -5.245775474046E-02
    -20.3454959990        -36.5658525278        0.110755939253        -3.15218128223    
    -18.4028386964         5.79453760565         2.25172995946         2.34575104066    
     5.29163853363       -0.948320961026         9.29624328885         7.59883143080    
    -19.9486365485         36.0238736668         14.1967557440        -3.52990103590    
    -3.48963092008        -25.2575950380        -16.9294630198        -8.78530336557    
    -7.62446221249         28.6813576857         12.0860429370        -16.0698342755    
     7.26318926584         6.63144178566        -21.8776768703         1.67439826147    
    -1.85968051063        -11.1921248319         25.3527168160         20.3336542935    
     9.48081973594        -66.6676022370        0.133436845746        -24.1291552981    
     31.2384301682        -5.82554793813        -2.70635356860        -28.0570626113    
     122.460917277         5.03770153998        -7.51469610004         25.6439512277    
     23.0980610981         3.43103234139        0.228062392023        -1.81023530392    
    -20.6463386661        -3.69926388139        0.795785438087         5.85988653786    
     3.10363213477         3.63171884577        0.506788636770         1.38133328403    
    -7.08064864850         1.50417444746         4.13199436469        -1.43515886998    
     8.39781509838         29.8372741016         2.51634046463         12.0227449862    
    -6.49860782952         1.77946915314         3.55857284404        -4.16433600955    
     6.33731133322        -21.2984346902         5.31851838871        -4.50084131668    
    -32.7528106910         7.70608879797        -7.24925158265         3.17601834939    
    -1.90968892855        -12.3380449965         18.1865461157         16.0445207364    
     10.5566291138         13.0714067902         17.4525730073        -18.4603129347    
    9.611749663500E-02    -1.86961938709        -37.4448349392       -0.532215519678    
   -5.946758033707E-03     1.79035251868        -2.66711120232         7.12530579128    
    -5.36373841726         14.7601908907       -0.725156531899        -4.25505485333    
    -13.4055954190        -2.35606039759         8.87366961127        -6.42852452406    
    -6.72660934844         21.4896987918         3.33229438455        -3.44061639381    
    -5.09667597477        -23.8155866294         24.8792862925        -9.76731114477    
    -7.51124419106         1.94735648246        -23.2293947695         6.62366845167    
    5.328753053351E-02    0.182275591075       -0.390015572971       -3.397942506595E-02
    3.532124575615E-02    0.671927768543        0.438577965665       -0.270619656386    
    -1.09033281092        -9.84616772256         1.43616865516        0.909314547605    
    -4.75781630719        -1.23536230714         4.52220216430        -3.07718338079    
    0.342247729810         7.89219745035        -1.17106279235        0.686817236835    
     7.83113061991         6.39995383899         15.3777751485         10.5901559078    
    0.922124008283        0.192278718144        -2.60844682939        -1.83909039723    
    0.973740260034        -20.8458346325         2.91039418445         2.59687637192    
     2.55932766843        -16.0049301224         7.30435343189         11.8132281631    
     2.63407765788         9.93629372395        -1.25282100296        -16.7734264218    
    -19.4973443754        -1.68570457874       -0.994802858859         10.7974750982    
    -5.21722562197         6.45340470361       -0.967899795350        -10.9204768368    
   -0.486458278032         6.01762354126        0.955892223207         13.5562359689    
     1.35751663282        0.382320248804         2.00083869068         64.6358222889    
    -30.6579137103         52.9715159809        -19.2810850726         4.59821922789    
     2.49611478951        4.060448358919E-04    -2.86667762252        0.279077346669    
   -0.896902921909        0.300019288592        -3.21543893721        -8.15450364536    
    -2.93631226444       -0.882808095932         5.94375748691        -9.41340432489    
    -2.00338257287        -6.00612874853        0.489978597359       -2.369860321026E-02
   -0.284407524749         1.18508923806       -0.604093034564        -3.56381865284    
   -0.277279783368        -7.07078763839         13.5662789676         5.31175721476    
     4.37449233290         3.55903668863        -18.0455318038       -0.463562938206    
    -11.8436448576        0.836699033144        4.852554415538E-02     3.21109519062    
     3.92024754906        -10.2121889337         13.4827632151        -1.82753428188    
    -7.90796345063         5.49103341523       -0.385502613360         9.08180081878    
     1.22393879668       -0.324366450660       -0.975811136322        0.922471148956    
    -16.0723715452         6.80781337434        -3.41014871558        -2.80734098347    
     8.26203787902         6.95890402051        -3.26046022230        -2.52258428201    
    -5.36973016063        0.306528464760        -3.80671737755        -21.4361860450    
    -7.80337214139        -1.85554821858         6.87031471245         1.50441850786    
    5.088271392233E-03    -3.62488923636        -2.89394930113         1.75898952015    
   -1.783352967970E-02    -13.3320647035        -6.58373560033        0.989290205993    
    -2.80613929094         27.6228900950         13.0476947949        0.146927072936    
    0.332671475105         5.44881560425         1.20936451036        0.373366885726    
    -2.04597862341        -1.98546476877         1.09302719778        0.739080045101    
    -5.41094548406         3.13611916975       -1.134058096272E-02    0.580642709605    
    -1.45286070894         10.4533242733        -7.77840325653         1.51494560413    
     1.82513248650        -6.33965221600        -3.36138948766         14.8397574433    
     4.12039942872         6.55397213194         1.67145617050       -0.388125270690    
   -0.538157476442         4.67072085559        -2.42629779895        -18.2525807584    
    -3.68560690008         2.11734912260        -3.19932405243         1.77223354057    
    -5.66682818611         11.1345288164         40.1958118894         2.15982399631    
     6.71944919592       -5.990698039879E-02   -0.736532678144         6.79577971434    
     2.62227579873        -1.30347174346         1.19142995724         5.74574381287    
    -4.25794378126       -6.775330556574E-02    -5.10835702347        0.846038899371    
    -4.01606650144        -13.1591232234        -7.63983307749         1.99801230701    
    -1.56075579249       -0.639716859464         4.23912648970        -2.81328539677    
    -6.86602768870        -2.07598049360         4.10393057024        0.688600357875    
     4.96416865919       -0.871923027862         1.12036367830        -26.9815193134    
    -24.6044567675       -7.361156307764E-02   -0.139393873375        0.324280113343    
   -0.252116238251       -0.365165970710        0.847019774678        0.241415884906    
    -1.13344955217        0.588724485664         1.66509951870       -5.725074563808E-02
    0.387953445685         3.11619411901        0.678204579600        -2.00278612978    
    0.867887832798        0.305378593516        -1.19001834303       -0.326411708919    
    0.289325584160        -3.61545335170        -3.02201313083        -2.18110635196    
    -1.54701609681        0.508282759914         1.17999461359        0.747095302821    
     1.70973399058       -4.977498550063E-02     1.90267225601         1.40574636500    
    0.791711546441         12.3064236480         9.63472812751        9.276070445800E-02
   -0.767332933593         12.2048912187        -6.42576559542        -25.2014455213    
    -4.46796806496        -17.8761119776         2.08029566691        0.703839250895    
    -7.63309038873        -2.14208069569         2.26164368822        -1.93258209510    
    -6.71442985961         2.43857390738        -3.87083953773       -0.130119725614    
   -0.508044473219        -1.84848108271         1.40778022073         12.8940153805    
    -7.91712253465         20.0633541519       -0.908060651251       -7.464093015004E-02
    -8.16986726464       -0.572820350331       -0.585564156660        0.148237496994    
   -0.315689985775       -0.499661996091        -1.11956297786        -5.34388927109    
     6.12395523862        -2.32771222342        0.310768184424        -1.51919155394    
   -0.715816397087        3.058072993236E-02    -1.34535055479         3.37785978789    
    -1.48744858915         1.20124965482         1.67295800950       -0.314494635558    
    -9.06844367182        -2.22319947094       -0.447701419798        -2.54870996932    
     2.41837022872         3.60956620633         1.84992464431        0.233306040608    
   -0.648085588666        -3.71273437688         1.26480292742        9.063591991825E-02
   -0.539613971993         1.27239957402         1.43737308646         1.28239483604    
    -1.91203804647        -1.02643364733        -1.48782139645        0.841566073929    
     10.1548710275        -1.40890460128         4.16162671945       -0.735759051677    
     6.78757704353         4.13945737423         5.96544100351        -4.39955192136    
    -1.53575371689         3.62790004217        -1.27352275239       -0.278807565949    
    0.391278976571        -8.76305867611        -1.88735788556        -1.77407314852    
    0.952189841272         12.7008371501         8.77454799354        0.287578283021    
    8.739381406802E-02     3.03992466888        0.340524212121       -0.560637003478    
    0.275592592472       -0.255464765971         1.22586852268        0.429485445650    
    0.144354992981        0.776783543241       -0.112876124894        -4.02652546762    
    -3.71299005149        0.464179130967        -9.49010781267        -4.12436823890    
    0.257868786610        -3.65297934349        -4.35333953542        -3.26280475305    
    -3.14710659834        -3.66914825711         3.13879790263       -0.174796997322    
    -7.52568328790         4.93556510686        -5.83057864482       -8.432184602730E-02
   -0.133441197430        6.355048637583E-02   -0.664671135856       -0.264385720151    
     1.07919573232         1.53313168053        -2.03414837090        0.840553406944    
     2.97754961962        8.547498487600E-02     1.31443256278         5.19914119675    
    0.956074567425       -0.716387470960       -0.992306775564       -0.288268353774    
   -0.876664504816        -1.01498990310        0.522508338208        -1.35211181857    
    -2.01650922701       -0.963989295906        -1.88918186793         3.05607263702    
     3.02956531644        -4.27871998101        0.624052623838        0.276314050131    
    -9.27388387880        0.296084457130        -1.60122506992         9.14041234989    
     7.02767269578         1.19183200938         10.6568786622        0.833780406594    
     13.0840294799        -18.9998865744        0.369107687871        -9.18405452035    
   -3.787060518033E-02   -0.305225076206        0.274542579035        -10.4468792918    
    -1.02802003530        0.954677030350       -0.408804858982        -11.0572299137    
    -1.22286006996        0.583086556810        -3.63397010003        0.410668828593    
    -1.66800906278        -5.83318173070       -0.180324259156        -7.76758871763    
    -5.74788443715         2.61760180512        -4.40776618010         2.28776851453    
    0.490483032635        0.568693146004       -0.623400673536       -0.797077579538    
    -1.27561277357       -0.205623507840         1.01909158181        1.527203342045E-02
     1.62401686039        -1.99219521298       -0.992686615057         6.25327435298    
    0.227908481147         1.81327258310       -0.118714783451         2.55206477980    
     4.86369696058         2.12086312509         2.27382462422       -0.417456429420    
     3.94738772999        -2.91691073350        0.530124828176         4.53682631796    
     1.76237691146        -3.56869937953        -2.32749508663         3.58684778647    
    0.747064969506         3.04883230577        0.320441317783         2.35071650303    
   -0.885145041813         14.3401037687        -1.83502548477       -0.895849878697    
     8.20195355674         4.23366706211         7.30460111537        -4.28686652774    
    0.869664690910       -0.964861586348         3.25600736385         1.79630516622    
     4.83732785365        -2.21060111165       -0.574012977527        6.414030784597E-03
   -1.245874027258E-02    0.119701267894        0.119152317339        8.543589814620E-02
   -0.318240739078       -0.237493200412        0.357617871883       -3.040555349056E-02
   -3.779368709917E-02   -0.199117337990       -0.212277416092       -0.138508713315    
    5.997157877495E-02   -9.139674685232E-03    0.375515850797        1.843141529159E-03
    3.411998678719E-02    0.110742426209       -0.126100797304       -0.215646420123    
   -0.353034652449       -8.720692962229E-02   -0.369618609020       -0.381692660384    
   -0.274237971572        0.634467411954        0.341145385501        5.261915481341E-02
   -0.736261055834       -3.506677778639E-02   -0.264176658974        0.632481210054    
     1.02353199179       -6.102865272851E-03    -5.53408697728        -1.85693163265    
   -0.523338723615         6.69151112583         12.7539057421        -2.32223437432    
    0.101317436413        3.010484855866E-02     1.22118156043         1.01337746451    
    5.162810806389E-02    0.448755883094        0.738474282132        0.328302876441    
    0.983416945280        0.131490314372         3.31750373341        3.236298173036E-02
   -0.162859377239        -1.84871912817        -1.39597175707       -0.149840629257    
   -0.538419904464       -0.897151950046         1.90899314335        0.792235937723    
    0.259838797202        0.481575310752        0.461205302651        0.417133504892    
   -0.672288899863        0.751999084788       -0.993876459579        0.504542562301    
   -0.754704642881        -1.10073758273        0.505933145122       -0.672134063550    
    0.308803132791       -0.631045890876        -2.15724182107        -1.14980757363    
   -0.594365231613       -0.335011779684         1.54052442857        0.674230789261    
     1.34765790310        -4.09404746293        -2.08876660240        -1.18495936592    
   -0.859088914083        0.668198051706        0.445077008404        0.288155763530    
   -0.736954291503       -0.203498365471        -1.71731393417        -1.03803525686    
    0.840281092138        -2.13087513010        0.628204764097        0.701226209450    
    -1.55522761687       -0.662914517777        -1.04683021422        0.164333329462    
   -0.763274093458        6.688477850494E-03    -1.16217976560         1.62720625744    
    0.791036656629        0.796280393613        0.430176907243       -7.075979729590E-02
     5.70991477032        0.141757273310        0.847337058020       -0.461073497848    
    0.349381962685       -0.552583436451        -3.15120955092       -0.791942646308    
     1.24047277926        -1.70864383764        6.602481970099E-02   -5.799659733020E-02
    0.324756738868         3.80527955971         3.33566254205        0.278902582205    
    0.230632271066        -4.17067144371        -1.30009640076         1.96352459250    
    -2.78231494924        -3.24158875715        -3.45591544725         4.58088650664    
    -2.47868595311        0.465103396040         2.47560347339       -0.754498177152    
     4.08608737007        -5.80530816427        -3.18732028585       -0.855318215273    
    -1.41063857752        -2.58518246704        -3.01142036236         3.59241318923    
     2.87893827914         1.06950191623        -3.09160052250       -0.407600925959    
    0.185382112516       -0.768455783651        2.650561564211E-02   -0.769015221448    
    8.109074332583E-02    -1.43369499615         1.73620471601       -0.982477910310    
    0.328744425966         1.68314365389        0.994799034856        -2.17092253176    
   -0.419054360597        0.176252956444        0.630085620358       -0.623998670879    
   -0.183324760377        -2.23233425375       -0.575803829764       -0.358633437582    
    -2.17285760845       -0.166872772472       -0.521644760241        0.146817586889    
    0.472368356341         1.39052516765         1.20696062713        8.550047307240E-02
    0.320967048608         1.46652065926        0.913168179129         2.53219422046    
     2.00483036103       -0.654988138732        -1.82405676451        3.611639728937E-02
    0.191434509809        -2.40513621301        4.267543930321E-03   -1.891912876288E-02
     2.08810321067       -0.365756646427       -0.181760039880        -2.41534705603    
     2.97352420417        0.507097549059        5.606906282491E-02    0.425150629744    
   -0.928914063389        0.844473992136        0.876149567790       -0.170213323938    
    -5.34895042288        0.415319253348        0.315063826447        -2.47280686025    
     2.91281984746         1.94941081078        0.450524562561         1.05163505541    
     1.81093702632        -3.30163415006        -9.29629156465         3.73698387411    
    -2.83097449273         4.57138876125        -6.24388000860       -1.944538916554E-02
     2.19999774414        -3.21503380499        -8.34274123111        -9.49477499134    
     1.80864129243         3.13741970539         2.01323347639        -2.77000624430    
   -0.919254966096        0.605037384062       -0.260010936319         3.43384482251    
    -8.80288685178         6.40748282302         8.12553073398        0.918844166148    
     3.64755044403        -8.89173514743        -11.9643042674         3.12244069944    
     3.49795082018         1.53636704412       -8.383764707606E-02    -5.04451351326    
   -0.178078767575         4.13693433815       -1.834627431636E-02    -1.19299359701    
     2.09320835958         15.4179337813         6.19139998208        -4.71167138589    
    -1.85159437885        -3.27563586542         2.86999916399       -0.771296283307    
   -0.403551144187        0.144989037390        0.317675788803       -0.621840960900    
   -0.103451511969       -0.174625905203        0.765550657691        1.931204332037E-02
    0.730951775035         1.20427717318        -1.19783678620        0.527673630251    
    0.613629025723        0.421283533295       -0.902154262435         1.38123622246    
   -0.113449777827       -0.541620698408        0.922552951045       -0.203152505428    
   -0.360385104128        2.168842254278E-02    0.304367264304        4.567592460587E-02
    1.862874082974E-02    0.371207081840        8.526937127619E-02    6.854118940025E-03
     1.29341583503       -0.458512867841       -0.645321084515        0.141162256380    
     2.42289306324        0.855114163345         1.12248557996        0.464228378265    
   -0.451880309821       -0.351320648815        -2.33554576699       -0.692132019082    
    -1.32792240575        -1.01959093262       -0.411306993228       -0.353793450506    
   -0.607843381871         4.62176548506        0.296048502801       -0.691191192202    
   -0.278311701724        0.842776819219         1.10503743491         2.77475056524    
    0.120891303004       -0.418643455167        0.765758562067        7.873503575255E-02
    0.672833452747       -7.681017017871E-02    8.642853423948E-02   -8.867417092108E-02
   -0.302755372263       -0.890998307227       -0.943685587251        0.305777624586    
   -0.354873820478       -0.242387307941       -0.712995560059         2.03086416455    
   -0.333564074462         2.01577594078        -2.19302876967         2.61372004628    
    2.236833847501E-02     1.69034238000        -1.32664456822         1.55531873720    
   -0.116338439265         1.13737888261        -1.16979530945        -1.33713238455    
   -0.376803090988        3.370355173555E-02    -1.32019036985       -0.371273743012    
    0.583520317658        0.413998533402        0.444264164277       -0.204240218300    
    0.160505709616        -1.85474950682       -0.933388889377         6.10769661265    
    -1.16523160679        -2.10712694551        -1.13036742172        -5.78078441425    
    -1.77923660606         2.20691875858        0.565206873107         2.06271781390    
   -0.752736618388       -7.327083743835E-02    0.579659150450        -2.56211465038    
    -2.62829828205        0.472076912234        0.437944220084        -3.03921513607    
    -1.11118580122        0.388336651660        0.149347112609         1.79884245791    
     1.16901138832         2.40919646045        -1.30326840650        0.683700956175    
  err0 =      1.59E-02    1.06E-02    1.00E-02

